object={
	name="tree_leaf_2_high_generator_1_0"
	render_pass=Map
	clamp_to_water_level=no
	generated_content=yes
	layer="tree_high_layer"
	pdxmesh="tree_leaf_01_a_mesh"
	count=27
	transform="10711.673828 0.000000 4148.326172 0.000000 0.464052 0.000000 0.885808 0.526646 0.526646 0.526646
10712.882812 0.000000 4142.196777 0.000000 0.805025 0.000000 0.593241 0.435424 0.435424 0.435424
10699.076172 0.000000 4160.977539 0.000000 0.999546 0.000000 0.030145 0.598961 0.598961 0.598961
10713.179688 0.000000 4153.637695 0.000000 0.726119 0.000000 0.687569 0.590915 0.590915 0.590915
10702.190430 0.000000 4158.839355 0.000000 0.927425 0.000000 0.374009 0.582774 0.582774 0.582774
10713.963867 0.000000 4138.438965 0.000000 0.682668 0.000000 0.730729 0.398709 0.398709 0.398709
10697.821289 0.000000 4157.489746 0.000000 0.645839 0.000000 0.763474 0.572675 0.572675 0.572675
10710.623047 0.000000 4139.329590 0.000000 0.989051 0.000000 0.147572 0.578257 0.578257 0.578257
10713.201172 0.000000 4145.482910 0.000000 0.999525 0.000000 0.030805 0.594831 0.594831 0.594831
10715.927734 0.000000 4144.038086 0.000000 0.705618 0.000000 0.708592 0.512708 0.512708 0.512708
10700.843750 0.000000 4152.556152 0.000000 0.997580 0.000000 0.069534 0.584155 0.584155 0.584155
10717.131836 0.000000 4149.556641 0.000000 0.999996 0.000000 0.002939 0.599740 0.599740 0.599740
10713.942383 0.000000 4147.909668 0.000000 0.877835 0.000000 0.478963 0.534909 0.534909 0.534909
10702.965820 0.000000 4154.248047 0.000000 0.176855 0.000000 0.984237 0.264054 0.264054 0.264054
10699.847656 0.000000 4158.758789 0.000000 0.502440 0.000000 0.864612 0.440431 0.440431 0.440431
10712.578125 0.000000 4151.543457 0.000000 0.985902 0.000000 0.167324 0.579350 0.579350 0.579350
10705.068359 0.000000 4153.834961 0.000000 0.966198 0.000000 0.257803 0.553911 0.553911 0.553911
10713.410156 0.000000 4136.127441 0.000000 0.561051 0.000000 0.827781 0.399885 0.399885 0.399885
10712.032227 0.000000 4137.598145 0.000000 0.759863 0.000000 0.650083 0.454770 0.454770 0.454770
10713.984375 0.000000 4143.838867 0.000000 0.919136 0.000000 0.393941 0.495070 0.495070 0.495070
10715.054688 0.000000 4145.679688 0.000000 0.549736 0.000000 0.835339 0.490400 0.490400 0.490400
10715.460938 0.000000 4148.864746 0.000000 0.048364 0.000000 0.998830 0.139346 0.139346 0.139346
10702.244141 0.000000 4151.657227 0.000000 0.567546 0.000000 0.823342 0.437722 0.437722 0.437722
10712.473633 0.000000 4144.102051 0.000000 0.363565 0.000000 0.931569 0.398896 0.398896 0.398896
10698.649414 0.000000 4159.589844 0.000000 0.110747 0.000000 0.993849 0.376956 0.376956 0.376956
10702.177734 0.000000 4155.489258 0.000000 0.172599 0.000000 0.984992 0.263011 0.263011 0.263011
10712.625977 0.000000 4138.826660 0.000000 0.621538 0.000000 0.783384 0.378883 0.378883 0.378883
"}
object={
	name="tree_leaf_2_high_generator_1_1"
	render_pass=Map
	clamp_to_water_level=no
	generated_content=yes
	layer="tree_high_layer"
	pdxmesh="tree_leaf_01_b_mesh"
	count=17
	transform="10700.797852 0.000000 4155.297363 0.000000 0.287673 0.000000 -0.957729 0.941022 0.941022 0.941022
10707.763672 0.000000 4154.266602 0.000000 0.984579 0.000000 -0.174942 0.601844 0.601844 0.601844
10711.300781 0.000000 4135.750977 0.000000 0.292418 0.000000 -0.956291 0.638169 0.638169 0.638169
10716.171875 0.000000 4147.204590 0.000000 0.524264 0.000000 -0.851556 0.629000 0.629000 0.629000
10703.800781 0.000000 4152.067871 0.000000 0.872889 0.000000 -0.487919 0.780950 0.780950 0.780950
10714.519531 0.000000 4150.439941 0.000000 0.999836 0.000000 -0.018107 0.603906 0.603906 0.603906
10712.530273 0.000000 4140.160156 0.000000 0.627557 0.000000 -0.778571 0.724316 0.724316 0.724316
10702.522461 0.000000 4156.828125 0.000000 0.107020 0.000000 -0.994257 0.760040 0.760040 0.760040
10700.042969 0.000000 4156.905762 0.000000 0.905719 0.000000 -0.423878 0.748839 0.748839 0.748839
10715.602539 0.000000 4142.323242 0.000000 0.893327 0.000000 -0.449408 0.678895 0.678895 0.678895
10712.995117 0.000000 4149.608398 0.000000 0.341402 0.000000 -0.939918 0.918603 0.918603 0.918603
10712.474609 0.000000 4146.951172 0.000000 0.673046 0.000000 -0.739601 0.708488 0.708488 0.708488
10703.423828 0.000000 4150.531738 0.000000 0.394369 0.000000 -0.918952 0.795519 0.795519 0.795519
10701.482422 0.000000 4153.933105 0.000000 0.359895 0.000000 -0.932993 0.873824 0.873824 0.873824
10701.293945 0.000000 4157.660645 0.000000 0.989087 0.000000 -0.147330 0.650280 0.650280 0.650280
10702.664062 0.000000 4152.937500 0.000000 0.852169 0.000000 -0.523266 0.795496 0.795496 0.795496
10715.935547 0.000000 4150.298828 0.000000 0.883154 0.000000 -0.469084 0.705317 0.705317 0.705317
"}
