object={
	name="tree_pine_01_b_generator_1_0"
	render_pass=Map
	clamp_to_water_level=no
	generated_content=yes
	layer="tree_high_layer"
	pdxmesh="tree_pine_01_b_mesh"
	count=85
	transform="10550.171875 0.000000 5365.000488 0.000000 0.752388 0.000000 0.658721 0.400000 0.400000 0.400000
10546.974609 0.000000 5330.986816 0.000000 0.144196 0.000000 -0.989549 0.400000 0.400000 0.400000
10540.894531 0.000000 5323.920898 0.000000 0.783877 0.000000 -0.620917 0.400000 0.400000 0.400000
10548.076172 0.000000 5321.223145 0.000000 0.292989 0.000000 -0.956116 0.400000 0.400000 0.400000
10534.693359 0.000000 5326.138184 0.000000 0.887459 0.000000 0.460887 0.400000 0.400000 0.400000
10552.132812 0.000000 5359.323242 0.000000 0.948783 0.000000 -0.315929 0.400000 0.400000 0.400000
10538.472656 0.000000 5318.289551 0.000000 0.605785 0.000000 -0.795628 0.400000 0.400000 0.400000
10544.409180 0.000000 5364.488281 0.000000 0.715240 0.000000 -0.698879 0.400000 0.400000 0.400000
10546.218750 0.000000 5325.954590 0.000000 0.972141 0.000000 0.234399 0.400000 0.400000 0.400000
10551.541016 0.000000 5329.274414 0.000000 0.655623 0.000000 0.755088 0.400000 0.400000 0.400000
10536.372070 0.000000 5322.117676 0.000000 0.531952 0.000000 -0.846774 0.400000 0.400000 0.400000
10551.208008 0.000000 5337.333496 0.000000 0.950649 0.000000 0.310268 0.400000 0.400000 0.400000
10556.902344 0.000000 5355.973145 0.000000 0.464302 0.000000 -0.885677 0.400000 0.400000 0.400000
10555.405273 0.000000 5358.960449 0.000000 0.980948 0.000000 -0.194268 0.400000 0.400000 0.400000
10543.032227 0.000000 5367.976562 0.000000 0.189058 0.000000 0.981966 0.400000 0.400000 0.400000
10553.135742 0.000000 5389.632324 0.000000 0.951989 0.000000 0.306132 0.400000 0.400000 0.400000
10548.011719 0.000000 5384.444336 0.000000 0.975181 0.000000 0.221410 0.400000 0.400000 0.400000
10559.071289 0.000000 5405.106934 0.000000 0.825125 0.000000 -0.564950 0.400000 0.400000 0.400000
10555.949219 0.000000 5396.248535 0.000000 0.933179 0.000000 -0.359413 0.400000 0.400000 0.400000
10540.190430 0.000000 5373.392578 0.000000 0.881834 0.000000 -0.471559 0.400000 0.400000 0.400000
10547.662109 0.000000 5389.403320 0.000000 0.584931 0.000000 -0.811083 0.400000 0.400000 0.400000
10547.747070 0.000000 5367.641113 0.000000 0.392180 0.000000 -0.919888 0.400000 0.400000 0.400000
10557.005859 0.000000 5401.009766 0.000000 0.713640 0.000000 0.700513 0.400000 0.400000 0.400000
10557.256836 0.000000 5392.164551 0.000000 0.149421 0.000000 -0.988774 0.400000 0.400000 0.400000
10545.410156 0.000000 5381.417969 0.000000 0.017471 0.000000 0.999847 0.400000 0.400000 0.400000
10542.647461 0.000000 5371.236328 0.000000 0.493812 0.000000 -0.869569 0.400000 0.400000 0.400000
10558.223633 0.000000 5398.148926 0.000000 0.870258 0.000000 -0.492596 0.400000 0.400000 0.400000
10545.605469 0.000000 5369.477539 0.000000 0.988266 0.000000 0.152740 0.400000 0.400000 0.400000
10550.416992 0.000000 5389.635742 0.000000 0.113349 0.000000 -0.993555 0.400000 0.400000 0.400000
10562.131836 0.000000 5351.518066 0.000000 0.942957 0.000000 0.332916 0.400000 0.400000 0.400000
10573.742188 0.000000 5339.749023 0.000000 0.994281 0.000000 0.106797 0.400000 0.400000 0.400000
10573.461914 0.000000 5307.597168 0.000000 0.796862 0.000000 0.604161 0.400000 0.400000 0.400000
10583.255859 0.000000 5308.972168 0.000000 0.401187 0.000000 0.915996 0.400000 0.400000 0.400000
10581.758789 0.000000 5345.232422 0.000000 0.208783 0.000000 -0.977962 0.400000 0.400000 0.400000
10565.551758 0.000000 5343.199219 0.000000 0.053598 0.000000 -0.998563 0.400000 0.400000 0.400000
10559.614258 0.000000 5355.618164 0.000000 0.204509 0.000000 0.978865 0.400000 0.400000 0.400000
10582.000977 0.000000 5313.237793 0.000000 0.995753 0.000000 -0.092064 0.400000 0.400000 0.400000
10600.832031 0.000000 5366.844238 0.000000 0.999842 0.000000 -0.017789 0.400000 0.400000 0.400000
10585.536133 0.000000 5344.827637 0.000000 0.002242 0.000000 0.999997 0.400000 0.400000 0.400000
10563.240234 0.000000 5345.685547 0.000000 0.987286 0.000000 -0.158954 0.400000 0.400000 0.400000
10570.922852 0.000000 5312.443848 0.000000 0.817445 0.000000 -0.576007 0.400000 0.400000 0.400000
10578.418945 0.000000 5344.406250 0.000000 0.146863 0.000000 -0.989157 0.400000 0.400000 0.400000
10559.391602 0.000000 5338.721191 0.000000 0.676074 0.000000 0.736833 0.400000 0.400000 0.400000
10562.866211 0.000000 5348.799316 0.000000 0.826731 0.000000 0.562598 0.400000 0.400000 0.400000
10571.804688 0.000000 5309.754883 0.000000 0.948109 0.000000 -0.317945 0.400000 0.400000 0.400000
10586.975586 0.000000 5423.267578 0.000000 0.995540 0.000000 -0.094341 0.400000 0.400000 0.400000
10559.908203 0.000000 5397.299805 0.000000 0.812956 0.000000 0.582325 0.400000 0.400000 0.400000
10597.466797 0.000000 5368.908691 0.000000 0.641792 0.000000 -0.766879 0.400000 0.400000 0.400000
10591.260742 0.000000 5436.514160 0.000000 0.831903 0.000000 -0.554922 0.400000 0.400000 0.400000
10591.681641 0.000000 5380.216797 0.000000 0.906358 0.000000 0.422510 0.400000 0.400000 0.400000
10606.488281 0.000000 5378.142090 0.000000 0.971981 0.000000 0.235062 0.400000 0.400000 0.400000
10592.207031 0.000000 5392.495117 0.000000 0.670455 0.000000 -0.741950 0.400000 0.400000 0.400000
10586.691406 0.000000 5412.595215 0.000000 0.770325 0.000000 0.637651 0.400000 0.400000 0.400000
10590.578125 0.000000 5399.273438 0.000000 0.867517 0.000000 0.497408 0.400000 0.400000 0.400000
10614.958008 0.000000 5428.972656 0.000000 0.966104 0.000000 0.258152 0.400000 0.400000 0.400000
10561.224609 0.000000 5404.399902 0.000000 0.674242 0.000000 0.738510 0.400000 0.400000 0.400000
10597.552734 0.000000 5388.947266 0.000000 0.056491 0.000000 -0.998403 0.400000 0.400000 0.400000
10580.576172 0.000000 5411.913574 0.000000 0.657270 0.000000 -0.753655 0.400000 0.400000 0.400000
10588.712891 0.000000 5418.136719 0.000000 0.755356 0.000000 0.655315 0.400000 0.400000 0.400000
10593.243164 0.000000 5431.281250 0.000000 0.900472 0.000000 -0.434913 0.400000 0.400000 0.400000
10568.181641 0.000000 5407.061523 0.000000 0.995375 0.000000 0.096071 0.400000 0.400000 0.400000
10598.708984 0.000000 5415.626465 0.000000 0.888176 0.000000 -0.459503 0.400000 0.400000 0.400000
10588.129883 0.000000 5408.031738 0.000000 0.935180 0.000000 0.354174 0.400000 0.400000 0.400000
10602.186523 0.000000 5379.544434 0.000000 0.064687 0.000000 -0.997906 0.400000 0.400000 0.400000
10596.179688 0.000000 5379.095215 0.000000 0.355053 0.000000 -0.934846 0.400000 0.400000 0.400000
10576.183594 0.000000 5412.216309 0.000000 0.006852 0.000000 -0.999977 0.400000 0.400000 0.400000
10590.099609 0.000000 5403.971680 0.000000 0.651050 0.000000 -0.759035 0.400000 0.400000 0.400000
10598.568359 0.000000 5426.012207 0.000000 0.991655 0.000000 0.128923 0.400000 0.400000 0.400000
10603.261719 0.000000 5374.574219 0.000000 0.998826 0.000000 0.048449 0.400000 0.400000 0.400000
10600.778320 0.000000 5371.249023 0.000000 0.371208 0.000000 -0.928550 0.400000 0.400000 0.400000
10593.474609 0.000000 5396.212891 0.000000 0.391327 0.000000 -0.920252 0.400000 0.400000 0.400000
10615.559570 0.000000 5432.797852 0.000000 0.746661 0.000000 -0.665205 0.400000 0.400000 0.400000
10586.908203 0.000000 5426.902832 0.000000 0.891759 0.000000 -0.452511 0.400000 0.400000 0.400000
10559.422852 0.000000 5401.090820 0.000000 0.803409 0.000000 0.595428 0.400000 0.400000 0.400000
10601.748047 0.000000 5367.623535 0.000000 0.946726 0.000000 0.322041 0.400000 0.400000 0.400000
10618.448242 0.000000 5429.151855 0.000000 0.882679 0.000000 -0.469976 0.400000 0.400000 0.400000
10594.119141 0.000000 5389.364746 0.000000 0.302260 0.000000 0.953225 0.400000 0.400000 0.400000
10592.787109 0.000000 5401.867676 0.000000 0.093368 0.000000 0.995632 0.400000 0.400000 0.400000
10596.594727 0.000000 5385.579102 0.000000 0.436623 0.000000 -0.899645 0.400000 0.400000 0.400000
10607.649414 0.000000 5381.481445 0.000000 0.523092 0.000000 0.852276 0.400000 0.400000 0.400000
10583.708008 0.000000 5410.820801 0.000000 0.999525 0.000000 0.030830 0.400000 0.400000 0.400000
10578.559570 0.000000 5409.163086 0.000000 0.360833 0.000000 -0.932630 0.400000 0.400000 0.400000
10569.833008 0.000000 5404.212891 0.000000 0.993878 0.000000 0.110485 0.400000 0.400000 0.400000
10571.232422 0.000000 5407.675781 0.000000 0.984787 0.000000 -0.173767 0.400000 0.400000 0.400000
10589.207031 0.000000 5410.890625 0.000000 0.915488 0.000000 0.402345 0.400000 0.400000 0.400000
"}
