object={
	name="tree_pine_01_a_generator_1_0"
	render_pass=Map
	clamp_to_water_level=no
	generated_content=yes
	layer="tree_high_layer"
	pdxmesh="tree_pine_single_01_a_mesh"
	count=130
	transform="9221.722656 0.000000 5577.575195 0.000000 0.808443 0.000000 0.588574 1.000000 1.000000 1.000000
9214.493164 0.000000 5572.056641 0.000000 0.271957 0.000000 0.962309 1.000000 1.000000 1.000000
9236.035156 0.000000 5572.232910 0.000000 0.651982 0.000000 0.758235 1.000000 1.000000 1.000000
9227.196289 0.000000 5602.071777 0.000000 0.166551 0.000000 0.986033 1.000000 1.000000 1.000000
9221.487305 0.000000 5571.453613 0.000000 0.689726 0.000000 0.724070 1.000000 1.000000 1.000000
9218.558594 0.000000 5582.266113 0.000000 0.525709 0.000000 0.850665 1.000000 1.000000 1.000000
9226.744141 0.000000 5579.864746 0.000000 0.159544 0.000000 0.987191 1.000000 1.000000 1.000000
9223.527344 0.000000 5583.829590 0.000000 0.042638 0.000000 0.999091 1.000000 1.000000 1.000000
9217.303711 0.000000 5576.065918 0.000000 0.086232 0.000000 0.996275 1.000000 1.000000 1.000000
9230.671875 0.000000 5588.967285 0.000000 0.259952 0.000000 0.965622 1.000000 1.000000 1.000000
9237.866211 0.000000 5615.785156 0.000000 0.741080 0.000000 0.671417 1.000000 1.000000 1.000000
9218.147461 0.000000 5572.592773 0.000000 0.833558 0.000000 0.552431 1.000000 1.000000 1.000000
9224.343750 0.000000 5587.047852 0.000000 0.657536 0.000000 0.753423 1.000000 1.000000 1.000000
9223.854492 0.000000 5602.396973 0.000000 0.746255 0.000000 0.665661 1.000000 1.000000 1.000000
9228.629883 0.000000 5592.168457 0.000000 0.040598 0.000000 0.999176 1.000000 1.000000 1.000000
9218.917969 0.000000 5579.146973 0.000000 0.515388 0.000000 0.856957 1.000000 1.000000 1.000000
9220.282227 0.000000 5574.831055 0.000000 0.440854 0.000000 0.897579 1.000000 1.000000 1.000000
9224.286133 0.000000 5578.619141 0.000000 0.306093 0.000000 0.952002 1.000000 1.000000 1.000000
9235.250977 0.000000 5599.699707 0.000000 0.182603 0.000000 0.983187 1.000000 1.000000 1.000000
9237.394531 0.000000 5579.438965 0.000000 0.692737 0.000000 0.721190 1.000000 1.000000 1.000000
9218.141602 0.000000 5584.496582 0.000000 0.214925 0.000000 0.976630 1.000000 1.000000 1.000000
9225.447266 0.000000 5585.051270 0.000000 0.538109 0.000000 0.842876 1.000000 1.000000 1.000000
9228.634766 0.000000 5589.991699 0.000000 0.729932 0.000000 0.683520 1.000000 1.000000 1.000000
9219.313477 0.000000 5576.770020 0.000000 0.773795 0.000000 0.633436 1.000000 1.000000 1.000000
9222.742188 0.000000 5579.414551 0.000000 0.759940 0.000000 0.649993 1.000000 1.000000 1.000000
9223.537109 0.000000 5566.779297 0.000000 0.862229 0.000000 0.506518 1.000000 1.000000 1.000000
9238.665039 0.000000 5577.496582 0.000000 0.617176 0.000000 0.786825 1.000000 1.000000 1.000000
9223.881836 0.000000 5585.448242 0.000000 0.771803 0.000000 0.635861 1.000000 1.000000 1.000000
9226.940430 0.000000 5584.216309 0.000000 0.248916 0.000000 0.968525 1.000000 1.000000 1.000000
9225.831055 0.000000 5578.655762 0.000000 0.634045 0.000000 0.773297 1.000000 1.000000 1.000000
9229.522461 0.000000 5588.112793 0.000000 0.465896 0.000000 0.884840 1.000000 1.000000 1.000000
9225.284180 0.000000 5579.980957 0.000000 0.733598 0.000000 0.679583 1.000000 1.000000 1.000000
9219.132812 0.000000 5575.524902 0.000000 0.764656 0.000000 0.644439 1.000000 1.000000 1.000000
9226.077148 0.000000 5591.385742 0.000000 0.170886 0.000000 0.985291 1.000000 1.000000 1.000000
9235.611328 0.000000 5602.917969 0.000000 0.109928 0.000000 0.993940 1.000000 1.000000 1.000000
9227.493164 0.000000 5589.750977 0.000000 0.474155 0.000000 0.880441 1.000000 1.000000 1.000000
9227.447266 0.000000 5586.852539 0.000000 0.387063 0.000000 0.922053 1.000000 1.000000 1.000000
9252.072266 0.000000 5586.732910 0.000000 0.409549 0.000000 0.912288 1.000000 1.000000 1.000000
9260.662109 0.000000 5587.897949 0.000000 0.814917 0.000000 0.579578 1.000000 1.000000 1.000000
9259.169922 0.000000 5568.852539 0.000000 0.487517 0.000000 0.873113 1.000000 1.000000 1.000000
9255.024414 0.000000 5567.955078 0.000000 0.484997 0.000000 0.874516 1.000000 1.000000 1.000000
9263.405273 0.000000 5590.440918 0.000000 0.352126 0.000000 0.935953 1.000000 1.000000 1.000000
9263.793945 0.000000 5586.805176 0.000000 0.232594 0.000000 0.972574 1.000000 1.000000 1.000000
9256.709961 0.000000 5571.062500 0.000000 0.780619 0.000000 0.625008 1.000000 1.000000 1.000000
9241.742188 0.000000 5607.460938 0.000000 0.821016 0.000000 0.570905 1.000000 1.000000 1.000000
9256.204102 0.000000 5573.667969 0.000000 0.034370 0.000000 0.999409 1.000000 1.000000 1.000000
9260.972656 0.000000 5585.548340 0.000000 0.658188 0.000000 0.752854 1.000000 1.000000 1.000000
9244.673828 0.000000 5614.227539 0.000000 0.860050 0.000000 0.510209 1.000000 1.000000 1.000000
9257.215820 0.000000 5567.537598 0.000000 0.371499 0.000000 0.928433 1.000000 1.000000 1.000000
9249.612305 0.000000 5619.040039 0.000000 0.852193 0.000000 0.523228 1.000000 1.000000 1.000000
9260.708008 0.000000 5594.385254 0.000000 0.220295 0.000000 0.975433 1.000000 1.000000 1.000000
9254.954102 0.000000 5569.974609 0.000000 0.453580 0.000000 0.891216 1.000000 1.000000 1.000000
9243.516602 0.000000 5616.822754 0.000000 0.426763 0.000000 0.904364 1.000000 1.000000 1.000000
9258.880859 0.000000 5603.430176 0.000000 0.483076 0.000000 0.875578 1.000000 1.000000 1.000000
9257.410156 0.000000 5569.300781 0.000000 0.580729 0.000000 0.814097 1.000000 1.000000 1.000000
9262.744141 0.000000 5585.345215 0.000000 0.595826 0.000000 0.803114 1.000000 1.000000 1.000000
9262.159180 0.000000 5586.937988 0.000000 0.674658 0.000000 0.738130 1.000000 1.000000 1.000000
9241.681641 0.000000 5613.751953 0.000000 0.436496 0.000000 0.899706 1.000000 1.000000 1.000000
9248.705078 0.000000 5617.234375 0.000000 0.297634 0.000000 0.954680 1.000000 1.000000 1.000000
9262.942383 0.000000 5595.334961 0.000000 0.536975 0.000000 0.843598 1.000000 1.000000 1.000000
9261.031250 0.000000 5600.312988 0.000000 0.174058 0.000000 0.984735 1.000000 1.000000 1.000000
9239.157227 0.000000 5669.083496 0.000000 0.087230 0.000000 0.996188 1.000000 1.000000 1.000000
9267.061523 0.000000 5687.244141 0.000000 0.508302 0.000000 0.861179 1.000000 1.000000 1.000000
9247.494141 0.000000 5666.070801 0.000000 0.150920 0.000000 0.988546 1.000000 1.000000 1.000000
9272.448242 0.000000 5708.187500 0.000000 0.250732 0.000000 0.968057 1.000000 1.000000 1.000000
9264.875000 0.000000 5706.082031 0.000000 0.765405 0.000000 0.643549 1.000000 1.000000 1.000000
9246.520508 0.000000 5657.384277 0.000000 0.175802 0.000000 0.984426 1.000000 1.000000 1.000000
9246.504883 0.000000 5642.708984 0.000000 0.845515 0.000000 0.533952 1.000000 1.000000 1.000000
9253.061523 0.000000 5667.017578 0.000000 0.661955 0.000000 0.749544 1.000000 1.000000 1.000000
9263.424805 0.000000 5692.185547 0.000000 0.572911 0.000000 0.819618 1.000000 1.000000 1.000000
9248.100586 0.000000 5678.335938 0.000000 0.738233 0.000000 0.674546 1.000000 1.000000 1.000000
9248.267578 0.000000 5671.038086 0.000000 0.602855 0.000000 0.797850 1.000000 1.000000 1.000000
9248.939453 0.000000 5661.549316 0.000000 0.464320 0.000000 0.885668 1.000000 1.000000 1.000000
9269.458008 0.000000 5704.772949 0.000000 0.346864 0.000000 0.937915 1.000000 1.000000 1.000000
9268.172852 0.000000 5709.054199 0.000000 0.380495 0.000000 0.924783 1.000000 1.000000 1.000000
9246.111328 0.000000 5646.438965 0.000000 0.094818 0.000000 0.995495 1.000000 1.000000 1.000000
9260.934570 0.000000 5706.649414 0.000000 0.657802 0.000000 0.753191 1.000000 1.000000 1.000000
9264.511719 0.000000 5710.357422 0.000000 0.629048 0.000000 0.777367 1.000000 1.000000 1.000000
9251.008789 0.000000 5664.412598 0.000000 0.070929 0.000000 0.997481 1.000000 1.000000 1.000000
9276.262695 0.000000 5710.541016 0.000000 0.682263 0.000000 0.731107 1.000000 1.000000 1.000000
9239.678711 0.000000 5648.429199 0.000000 0.443191 0.000000 0.896427 1.000000 1.000000 1.000000
9246.040039 0.000000 5662.820312 0.000000 0.759332 0.000000 0.650703 1.000000 1.000000 1.000000
9246.333008 0.000000 5634.777344 0.000000 0.839674 0.000000 0.543091 1.000000 1.000000 1.000000
9260.681641 0.000000 5691.065918 0.000000 0.845742 0.000000 0.533592 1.000000 1.000000 1.000000
9258.504883 0.000000 5696.375000 0.000000 0.581884 0.000000 0.813272 1.000000 1.000000 1.000000
9243.237305 0.000000 5671.779785 0.000000 0.731017 0.000000 0.682359 1.000000 1.000000 1.000000
9272.280273 0.000000 5704.731934 0.000000 0.066301 0.000000 0.997800 1.000000 1.000000 1.000000
9275.003906 0.000000 5706.484863 0.000000 0.781722 0.000000 0.623627 1.000000 1.000000 1.000000
9277.436523 0.000000 5704.896973 0.000000 0.343778 0.000000 0.939051 1.000000 1.000000 1.000000
9246.624023 0.000000 5660.214355 0.000000 0.663847 0.000000 0.747868 1.000000 1.000000 1.000000
9248.458984 0.000000 5663.878418 0.000000 0.049938 0.000000 0.998752 1.000000 1.000000 1.000000
9263.462891 0.000000 5695.383789 0.000000 0.134236 0.000000 0.990949 1.000000 1.000000 1.000000
9241.661133 0.000000 5647.270020 0.000000 0.321660 0.000000 0.946855 1.000000 1.000000 1.000000
9265.567383 0.000000 5681.807617 0.000000 0.117142 0.000000 0.993115 1.000000 1.000000 1.000000
9275.238281 0.000000 5708.721680 0.000000 0.598052 0.000000 0.801457 1.000000 1.000000 1.000000
9253.929688 0.000000 5675.833496 0.000000 0.413915 0.000000 0.910315 1.000000 1.000000 1.000000
9248.227539 0.000000 5691.762207 0.000000 0.235157 0.000000 0.971957 1.000000 1.000000 1.000000
9249.844727 0.000000 5666.137695 0.000000 0.276180 0.000000 0.961106 1.000000 1.000000 1.000000
9258.960938 0.000000 5710.543945 0.000000 0.542643 0.000000 0.839964 1.000000 1.000000 1.000000
9264.080078 0.000000 5683.879395 0.000000 0.548316 0.000000 0.836271 1.000000 1.000000 1.000000
9251.589844 0.000000 5659.788574 0.000000 0.647706 0.000000 0.761891 1.000000 1.000000 1.000000
9249.810547 0.000000 5690.464355 0.000000 0.373069 0.000000 0.927804 1.000000 1.000000 1.000000
9260.373047 0.000000 5695.907715 0.000000 0.462671 0.000000 0.886530 1.000000 1.000000 1.000000
9263.175781 0.000000 5706.572754 0.000000 0.472587 0.000000 0.881284 1.000000 1.000000 1.000000
9261.016602 0.000000 5689.382324 0.000000 0.634024 0.000000 0.773314 1.000000 1.000000 1.000000
9251.344727 0.000000 5667.037598 0.000000 0.064405 0.000000 0.997924 1.000000 1.000000 1.000000
9262.439453 0.000000 5690.683594 0.000000 0.777581 0.000000 0.628783 1.000000 1.000000 1.000000
9259.263672 0.000000 5676.825195 0.000000 0.698316 0.000000 0.715789 1.000000 1.000000 1.000000
9250.916992 0.000000 5644.280762 0.000000 0.433155 0.000000 0.901320 1.000000 1.000000 1.000000
9262.610352 0.000000 5709.865723 0.000000 0.646847 0.000000 0.762620 1.000000 1.000000 1.000000
9273.377930 0.000000 5706.833984 0.000000 0.474488 0.000000 0.880262 1.000000 1.000000 1.000000
9263.609375 0.000000 5693.782227 0.000000 0.775351 0.000000 0.631531 1.000000 1.000000 1.000000
9259.794922 0.000000 5678.826172 0.000000 0.341746 0.000000 0.939792 1.000000 1.000000 1.000000
9261.665039 0.000000 5698.847656 0.000000 0.240489 0.000000 0.970652 1.000000 1.000000 1.000000
9251.262695 0.000000 5653.869629 0.000000 0.769485 0.000000 0.638665 1.000000 1.000000 1.000000
9266.572266 0.000000 5709.437012 0.000000 0.864153 0.000000 0.503230 1.000000 1.000000 1.000000
9264.320312 0.000000 5707.519531 0.000000 0.328551 0.000000 0.944486 1.000000 1.000000 1.000000
9249.581055 0.000000 5644.942871 0.000000 0.250281 0.000000 0.968173 1.000000 1.000000 1.000000
9248.126953 0.000000 5660.178711 0.000000 0.781376 0.000000 0.624060 1.000000 1.000000 1.000000
9242.838867 0.000000 5668.237793 0.000000 0.338676 0.000000 0.940903 1.000000 1.000000 1.000000
9268.991211 0.000000 5706.156250 0.000000 0.793229 0.000000 0.608924 1.000000 1.000000 1.000000
9252.575195 0.000000 5676.473145 0.000000 0.122641 0.000000 0.992451 1.000000 1.000000 1.000000
9264.306641 0.000000 5708.914551 0.000000 0.733498 0.000000 0.679692 1.000000 1.000000 1.000000
9262.169922 0.000000 5685.392578 0.000000 0.492067 0.000000 0.870558 1.000000 1.000000 1.000000
9248.457031 0.000000 5637.166992 0.000000 0.610738 0.000000 0.791833 1.000000 1.000000 1.000000
9271.228516 0.000000 5707.703125 0.000000 0.546287 0.000000 0.837598 1.000000 1.000000 1.000000
9248.162109 0.000000 5642.541016 0.000000 0.832355 0.000000 0.554243 1.000000 1.000000 1.000000
9244.348633 0.000000 5676.315430 0.000000 0.212142 0.000000 0.977239 1.000000 1.000000 1.000000
9249.067383 0.000000 5659.341797 0.000000 0.374853 0.000000 0.927084 1.000000 1.000000 1.000000
9249.581055 0.000000 5651.880371 0.000000 0.299421 0.000000 0.954121 1.000000 1.000000 1.000000
"}
object={
	name="tree_pine_01_a_generator_1_1"
	render_pass=Map
	clamp_to_water_level=no
	generated_content=yes
	layer="tree_high_layer"
	pdxmesh="tree_pine_single_01_b_mesh"
	count=144
	transform="9222.500000 0.000000 5565.515137 0.000000 0.977082 0.000000 0.212862 1.000000 1.000000 1.000000
9233.243164 0.000000 5605.049316 0.000000 0.944388 0.000000 0.328834 1.000000 1.000000 1.000000
9234.049805 0.000000 5617.569336 0.000000 0.995164 0.000000 -0.098232 1.000000 1.000000 1.000000
9233.598633 0.000000 5597.972168 0.000000 0.955322 0.000000 0.295568 1.000000 1.000000 1.000000
9227.748047 0.000000 5565.387695 0.000000 0.934338 0.000000 0.356387 1.000000 1.000000 1.000000
9231.626953 0.000000 5593.250977 0.000000 0.926173 0.000000 -0.377098 1.000000 1.000000 1.000000
9235.111328 0.000000 5612.696289 0.000000 0.957644 0.000000 0.287956 1.000000 1.000000 1.000000
9237.091797 0.000000 5576.994141 0.000000 0.952568 0.000000 0.304325 1.000000 1.000000 1.000000
9224.714844 0.000000 5569.073242 0.000000 0.995769 0.000000 -0.091894 1.000000 1.000000 1.000000
9220.283203 0.000000 5568.327637 0.000000 0.948867 0.000000 -0.315676 1.000000 1.000000 1.000000
9234.656250 0.000000 5602.039551 0.000000 0.994498 0.000000 0.104753 1.000000 1.000000 1.000000
9220.516602 0.000000 5584.622559 0.000000 0.982816 0.000000 0.184590 1.000000 1.000000 1.000000
9234.275391 0.000000 5575.959473 0.000000 0.981063 0.000000 -0.193690 1.000000 1.000000 1.000000
9225.358398 0.000000 5604.809082 0.000000 0.974884 0.000000 0.222713 1.000000 1.000000 1.000000
9239.241211 0.000000 5606.603027 0.000000 0.996167 0.000000 -0.087473 1.000000 1.000000 1.000000
9228.063477 0.000000 5587.890625 0.000000 0.987826 0.000000 0.155564 1.000000 1.000000 1.000000
9224.406250 0.000000 5581.208984 0.000000 0.886575 0.000000 -0.462585 1.000000 1.000000 1.000000
9227.180664 0.000000 5569.262695 0.000000 0.972442 0.000000 0.233146 1.000000 1.000000 1.000000
9226.210938 0.000000 5592.615234 0.000000 0.885918 0.000000 0.463842 1.000000 1.000000 1.000000
9216.169922 0.000000 5573.908203 0.000000 0.981793 0.000000 -0.189954 1.000000 1.000000 1.000000
9229.482422 0.000000 5594.507324 0.000000 0.971406 0.000000 0.237425 1.000000 1.000000 1.000000
9222.636719 0.000000 5568.151855 0.000000 0.986019 0.000000 0.166634 1.000000 1.000000 1.000000
9236.306641 0.000000 5617.754883 0.000000 0.999844 0.000000 -0.017647 1.000000 1.000000 1.000000
9236.018555 0.000000 5574.494629 0.000000 0.989086 0.000000 -0.147342 1.000000 1.000000 1.000000
9222.332031 0.000000 5585.981445 0.000000 0.992200 0.000000 -0.124658 1.000000 1.000000 1.000000
9233.056641 0.000000 5600.091797 0.000000 0.937885 0.000000 -0.346947 1.000000 1.000000 1.000000
9224.428711 0.000000 5600.404297 0.000000 0.898432 0.000000 -0.439112 1.000000 1.000000 1.000000
9223.394531 0.000000 5570.719238 0.000000 0.993091 0.000000 0.117346 1.000000 1.000000 1.000000
9220.875000 0.000000 5564.085938 0.000000 0.990400 0.000000 -0.138233 1.000000 1.000000 1.000000
9228.767578 0.000000 5596.322266 0.000000 0.988872 0.000000 0.148769 1.000000 1.000000 1.000000
9220.010742 0.000000 5572.669434 0.000000 0.999996 0.000000 -0.002930 1.000000 1.000000 1.000000
9216.399414 0.000000 5572.047852 0.000000 0.958963 0.000000 -0.283532 1.000000 1.000000 1.000000
9236.186523 0.000000 5615.884766 0.000000 0.965867 0.000000 -0.259040 1.000000 1.000000 1.000000
9228.131836 0.000000 5593.690918 0.000000 0.922969 0.000000 -0.384875 1.000000 1.000000 1.000000
9227.301758 0.000000 5591.192383 0.000000 0.867742 0.000000 0.497016 1.000000 1.000000 1.000000
9220.792969 0.000000 5586.091309 0.000000 0.969588 0.000000 0.244744 1.000000 1.000000 1.000000
9224.278320 0.000000 5603.798828 0.000000 0.908168 0.000000 0.418605 1.000000 1.000000 1.000000
9226.786133 0.000000 5585.583984 0.000000 0.990169 0.000000 -0.139875 1.000000 1.000000 1.000000
9223.143555 0.000000 5569.400879 0.000000 0.986866 0.000000 0.161541 1.000000 1.000000 1.000000
9229.915039 0.000000 5595.718262 0.000000 0.958564 0.000000 0.284878 1.000000 1.000000 1.000000
9225.879883 0.000000 5569.702637 0.000000 0.988231 0.000000 0.152968 1.000000 1.000000 1.000000
9220.249023 0.000000 5571.256348 0.000000 0.991252 0.000000 0.131981 1.000000 1.000000 1.000000
9242.217773 0.000000 5615.494629 0.000000 0.889382 0.000000 -0.457166 1.000000 1.000000 1.000000
9260.032227 0.000000 5599.914062 0.000000 0.935254 0.000000 0.353978 1.000000 1.000000 1.000000
9248.100586 0.000000 5590.343750 0.000000 0.905415 0.000000 0.424527 1.000000 1.000000 1.000000
9245.700195 0.000000 5612.117188 0.000000 0.999765 0.000000 -0.021669 1.000000 1.000000 1.000000
9239.700195 0.000000 5619.594727 0.000000 0.961009 0.000000 -0.276519 1.000000 1.000000 1.000000
9259.482422 0.000000 5596.021973 0.000000 0.946598 0.000000 0.322417 1.000000 1.000000 1.000000
9260.370117 0.000000 5592.361328 0.000000 0.874489 0.000000 0.485046 1.000000 1.000000 1.000000
9262.889648 0.000000 5601.079590 0.000000 0.881073 0.000000 0.472980 1.000000 1.000000 1.000000
9245.313477 0.000000 5616.347168 0.000000 0.999029 0.000000 -0.044060 1.000000 1.000000 1.000000
9265.287109 0.000000 5584.306152 0.000000 0.944674 0.000000 0.328012 1.000000 1.000000 1.000000
9250.561523 0.000000 5590.621094 0.000000 0.874128 0.000000 -0.485696 1.000000 1.000000 1.000000
9261.911133 0.000000 5596.056152 0.000000 0.866840 0.000000 0.498586 1.000000 1.000000 1.000000
9241.399414 0.000000 5611.033203 0.000000 0.947445 0.000000 -0.319919 1.000000 1.000000 1.000000
9260.911133 0.000000 5597.951660 0.000000 0.877687 0.000000 0.479235 1.000000 1.000000 1.000000
9264.080078 0.000000 5595.887207 0.000000 0.996493 0.000000 -0.083677 1.000000 1.000000 1.000000
9262.351562 0.000000 5592.324707 0.000000 0.959937 0.000000 -0.280215 1.000000 1.000000 1.000000
9261.851562 0.000000 5599.551270 0.000000 0.886996 0.000000 -0.461778 1.000000 1.000000 1.000000
9260.214844 0.000000 5604.783691 0.000000 0.993159 0.000000 0.116771 1.000000 1.000000 1.000000
9241.582031 0.000000 5609.299316 0.000000 0.980427 0.000000 -0.196885 1.000000 1.000000 1.000000
9261.016602 0.000000 5601.390137 0.000000 0.990861 0.000000 0.134887 1.000000 1.000000 1.000000
9261.846680 0.000000 5604.644531 0.000000 0.965286 0.000000 0.261196 1.000000 1.000000 1.000000
9243.158203 0.000000 5614.291992 0.000000 0.999831 0.000000 -0.018379 1.000000 1.000000 1.000000
9243.999023 0.000000 5615.487305 0.000000 0.927377 0.000000 -0.374128 1.000000 1.000000 1.000000
9263.932617 0.000000 5584.637695 0.000000 0.976392 0.000000 0.216004 1.000000 1.000000 1.000000
9262.169922 0.000000 5597.400391 0.000000 0.984436 0.000000 -0.175744 1.000000 1.000000 1.000000
9251.979492 0.000000 5590.833984 0.000000 0.954331 0.000000 -0.298752 1.000000 1.000000 1.000000
9246.363281 0.000000 5617.749023 0.000000 0.978936 0.000000 0.204166 1.000000 1.000000 1.000000
9240.640625 0.000000 5610.132812 0.000000 0.999991 0.000000 -0.004159 1.000000 1.000000 1.000000
9256.035156 0.000000 5570.157715 0.000000 0.970270 0.000000 -0.242024 1.000000 1.000000 1.000000
9261.980469 0.000000 5601.746094 0.000000 0.972840 0.000000 0.231477 1.000000 1.000000 1.000000
9236.235352 0.000000 5648.492188 0.000000 0.962244 0.000000 0.272187 1.000000 1.000000 1.000000
9239.392578 0.000000 5667.070801 0.000000 0.878793 0.000000 0.477202 1.000000 1.000000 1.000000
9243.914062 0.000000 5674.593262 0.000000 0.955901 0.000000 0.293689 1.000000 1.000000 1.000000
9247.422852 0.000000 5650.112793 0.000000 0.923212 0.000000 0.384291 1.000000 1.000000 1.000000
9257.056641 0.000000 5680.961426 0.000000 0.915966 0.000000 0.401255 1.000000 1.000000 1.000000
9248.099609 0.000000 5683.443359 0.000000 0.998393 0.000000 -0.056664 1.000000 1.000000 1.000000
9249.208008 0.000000 5636.020508 0.000000 0.871356 0.000000 -0.490652 1.000000 1.000000 1.000000
9260.032227 0.000000 5687.906250 0.000000 0.963407 0.000000 -0.268043 1.000000 1.000000 1.000000
9240.413086 0.000000 5645.384277 0.000000 0.908716 0.000000 -0.417415 1.000000 1.000000 1.000000
9241.310547 0.000000 5668.376465 0.000000 0.958086 0.000000 0.286480 1.000000 1.000000 1.000000
9261.015625 0.000000 5710.500977 0.000000 0.910773 0.000000 -0.412907 1.000000 1.000000 1.000000
9277.678711 0.000000 5707.603027 0.000000 0.999987 0.000000 0.005111 1.000000 1.000000 1.000000
9256.269531 0.000000 5676.192871 0.000000 0.917344 0.000000 0.398095 1.000000 1.000000 1.000000
9240.808594 0.000000 5677.036621 0.000000 0.879701 0.000000 0.475528 1.000000 1.000000 1.000000
9245.007812 0.000000 5669.141602 0.000000 0.997154 0.000000 0.075396 1.000000 1.000000 1.000000
9251.089844 0.000000 5649.813477 0.000000 0.974040 0.000000 0.226374 1.000000 1.000000 1.000000
9262.936523 0.000000 5713.581543 0.000000 0.954991 0.000000 0.296634 1.000000 1.000000 1.000000
9239.508789 0.000000 5665.067383 0.000000 0.915705 0.000000 -0.401851 1.000000 1.000000 1.000000
9252.956055 0.000000 5677.854004 0.000000 0.999183 0.000000 -0.040409 1.000000 1.000000 1.000000
9249.918945 0.000000 5668.189453 0.000000 0.998968 0.000000 -0.045414 1.000000 1.000000 1.000000
9251.318359 0.000000 5671.652344 0.000000 0.934167 0.000000 0.356836 1.000000 1.000000 1.000000
9261.379883 0.000000 5694.230469 0.000000 0.972769 0.000000 0.231777 1.000000 1.000000 1.000000
9262.996094 0.000000 5699.872070 0.000000 0.880083 0.000000 0.474820 1.000000 1.000000 1.000000
9251.448242 0.000000 5638.021973 0.000000 0.963278 0.000000 -0.268506 1.000000 1.000000 1.000000
9250.487305 0.000000 5652.503418 0.000000 0.931043 0.000000 0.364909 1.000000 1.000000 1.000000
9248.694336 0.000000 5647.729980 0.000000 0.944800 0.000000 0.327649 1.000000 1.000000 1.000000
9278.897461 0.000000 5709.972656 0.000000 0.973263 0.000000 0.229695 1.000000 1.000000 1.000000
9255.330078 0.000000 5678.946289 0.000000 0.980125 0.000000 -0.198381 1.000000 1.000000 1.000000
9267.588867 0.000000 5706.567383 0.000000 0.928363 0.000000 -0.371675 1.000000 1.000000 1.000000
9263.021484 0.000000 5708.270508 0.000000 0.871383 0.000000 0.490604 1.000000 1.000000 1.000000
9245.679688 0.000000 5671.953613 0.000000 0.929521 0.000000 -0.368769 1.000000 1.000000 1.000000
9269.977539 0.000000 5707.239258 0.000000 0.980035 0.000000 -0.198823 1.000000 1.000000 1.000000
9260.509766 0.000000 5713.975098 0.000000 0.931767 0.000000 -0.363057 1.000000 1.000000 1.000000
9248.154297 0.000000 5645.391113 0.000000 0.957535 0.000000 0.288316 1.000000 1.000000 1.000000
9248.374023 0.000000 5641.243652 0.000000 0.876256 0.000000 0.481845 1.000000 1.000000 1.000000
9247.047852 0.000000 5637.035645 0.000000 0.975393 0.000000 0.220471 1.000000 1.000000 1.000000
9261.200195 0.000000 5678.067383 0.000000 0.970092 0.000000 0.242739 1.000000 1.000000 1.000000
9241.577148 0.000000 5665.936523 0.000000 0.999856 0.000000 0.016955 1.000000 1.000000 1.000000
9260.911133 0.000000 5685.943848 0.000000 0.956156 0.000000 0.292858 1.000000 1.000000 1.000000
9243.016602 0.000000 5669.735840 0.000000 0.914684 0.000000 0.404171 1.000000 1.000000 1.000000
9262.898438 0.000000 5711.568359 0.000000 0.929384 0.000000 -0.369113 1.000000 1.000000 1.000000
9270.504883 0.000000 5709.162109 0.000000 0.931990 0.000000 -0.362483 1.000000 1.000000 1.000000
9245.830078 0.000000 5667.120117 0.000000 0.935904 0.000000 -0.352254 1.000000 1.000000 1.000000
9262.351562 0.000000 5680.316895 0.000000 0.969423 0.000000 -0.245397 1.000000 1.000000 1.000000
9259.967773 0.000000 5697.731934 0.000000 0.972274 0.000000 -0.233843 1.000000 1.000000 1.000000
9248.024414 0.000000 5658.684570 0.000000 0.921866 0.000000 -0.387509 1.000000 1.000000 1.000000
9250.691406 0.000000 5648.006836 0.000000 0.962856 0.000000 0.270016 1.000000 1.000000 1.000000
9271.717773 0.000000 5706.471191 0.000000 0.911417 0.000000 -0.411483 1.000000 1.000000 1.000000
9240.044922 0.000000 5666.898926 0.000000 0.966491 0.000000 -0.256699 1.000000 1.000000 1.000000
9260.214844 0.000000 5692.775879 0.000000 0.972525 0.000000 0.232799 1.000000 1.000000 1.000000
9250.384766 0.000000 5662.728516 0.000000 0.915485 0.000000 -0.402352 1.000000 1.000000 1.000000
9242.999023 0.000000 5676.098633 0.000000 0.960717 0.000000 -0.277528 1.000000 1.000000 1.000000
9254.995117 0.000000 5677.304199 0.000000 0.942056 0.000000 -0.335455 1.000000 1.000000 1.000000
9249.408203 0.000000 5649.202637 0.000000 0.912320 0.000000 -0.409477 1.000000 1.000000 1.000000
9261.846680 0.000000 5692.636719 0.000000 0.994903 0.000000 0.100832 1.000000 1.000000 1.000000
9248.154297 0.000000 5652.057617 0.000000 0.876020 0.000000 -0.482275 1.000000 1.000000 1.000000
9250.545898 0.000000 5656.984375 0.000000 0.978906 0.000000 0.204309 1.000000 1.000000 1.000000
9261.398438 0.000000 5708.495605 0.000000 0.885444 0.000000 -0.464745 1.000000 1.000000 1.000000
9276.674805 0.000000 5706.392578 0.000000 0.966641 0.000000 -0.256137 1.000000 1.000000 1.000000
9261.942383 0.000000 5695.686523 0.000000 0.999311 0.000000 0.037114 1.000000 1.000000 1.000000
9257.686523 0.000000 5676.738770 0.000000 0.976471 0.000000 0.215649 1.000000 1.000000 1.000000
9248.897461 0.000000 5693.028320 0.000000 0.950500 0.000000 0.310723 1.000000 1.000000 1.000000
9273.791016 0.000000 5708.690430 0.000000 0.967490 0.000000 0.252910 1.000000 1.000000 1.000000
9251.270508 0.000000 5668.542480 0.000000 0.954167 0.000000 -0.299274 1.000000 1.000000 1.000000
9253.450195 0.000000 5674.524902 0.000000 0.984258 0.000000 0.176738 1.000000 1.000000 1.000000
9242.201172 0.000000 5667.091309 0.000000 0.905907 0.000000 -0.423477 1.000000 1.000000 1.000000
9249.124023 0.000000 5652.937988 0.000000 0.943423 0.000000 -0.331591 1.000000 1.000000 1.000000
9249.055664 0.000000 5640.088379 0.000000 0.999894 0.000000 -0.014542 1.000000 1.000000 1.000000
9260.171875 0.000000 5694.016602 0.000000 0.997964 0.000000 0.063779 1.000000 1.000000 1.000000
9263.207031 0.000000 5684.765625 0.000000 0.964908 0.000000 -0.262587 1.000000 1.000000 1.000000
9249.191406 0.000000 5662.793457 0.000000 0.899193 0.000000 0.437552 1.000000 1.000000 1.000000
9242.813477 0.000000 5674.956543 0.000000 0.906241 0.000000 -0.422761 1.000000 1.000000 1.000000
"}
object={
	name="tree_pine_01_a_generator_1_2"
	render_pass=Map
	clamp_to_water_level=no
	generated_content=yes
	layer="tree_high_layer"
	pdxmesh="tree_pine_single_01_c_mesh"
	count=135
	transform="9227.060547 0.000000 5594.963379 0.000000 0.571584 0.000000 -0.820544 1.000000 1.000000 1.000000
9220.980469 0.000000 5587.897461 0.000000 0.446788 0.000000 -0.894640 1.000000 1.000000 1.000000
9228.162109 0.000000 5585.199707 0.000000 0.604606 0.000000 -0.796525 1.000000 1.000000 1.000000
9238.874023 0.000000 5609.586914 0.000000 0.125385 0.000000 -0.992108 1.000000 1.000000 1.000000
9226.304688 0.000000 5589.931152 0.000000 0.138427 0.000000 -0.990373 1.000000 1.000000 1.000000
9237.504883 0.000000 5600.618164 0.000000 0.707288 0.000000 -0.706926 1.000000 1.000000 1.000000
9231.293945 0.000000 5601.310059 0.000000 0.541420 0.000000 -0.840752 1.000000 1.000000 1.000000
9237.217773 0.000000 5604.706543 0.000000 0.811506 0.000000 -0.584344 1.000000 1.000000 1.000000
9224.473633 0.000000 5562.130859 0.000000 0.244275 0.000000 -0.969706 1.000000 1.000000 1.000000
9236.988281 0.000000 5619.949707 0.000000 0.828147 0.000000 -0.560511 1.000000 1.000000 1.000000
9238.309570 0.000000 5574.133301 0.000000 0.326147 0.000000 -0.945319 1.000000 1.000000 1.000000
9226.367188 0.000000 5582.762207 0.000000 0.593823 0.000000 -0.804596 1.000000 1.000000 1.000000
9225.106445 0.000000 5566.243164 0.000000 0.559565 0.000000 -0.828786 1.000000 1.000000 1.000000
9234.689453 0.000000 5615.142578 0.000000 0.579777 0.000000 -0.814775 1.000000 1.000000 1.000000
9219.232422 0.000000 5570.463867 0.000000 0.511890 0.000000 -0.859051 1.000000 1.000000 1.000000
9226.917969 0.000000 5597.133789 0.000000 0.324862 0.000000 -0.945761 1.000000 1.000000 1.000000
9224.264648 0.000000 5564.272949 0.000000 0.821531 0.000000 -0.570163 1.000000 1.000000 1.000000
9236.808594 0.000000 5602.655273 0.000000 0.679225 0.000000 -0.733930 1.000000 1.000000 1.000000
9235.230469 0.000000 5604.088867 0.000000 0.835798 0.000000 -0.549038 1.000000 1.000000 1.000000
9221.686523 0.000000 5582.937988 0.000000 0.495719 0.000000 -0.868483 1.000000 1.000000 1.000000
9226.301758 0.000000 5586.832520 0.000000 0.230859 0.000000 -0.972987 1.000000 1.000000 1.000000
9218.262695 0.000000 5574.514648 0.000000 0.690691 0.000000 -0.723150 1.000000 1.000000 1.000000
9225.641602 0.000000 5603.047852 0.000000 0.259610 0.000000 -0.965714 1.000000 1.000000 1.000000
9227.734375 0.000000 5603.770020 0.000000 0.600586 0.000000 -0.799560 1.000000 1.000000 1.000000
9224.816406 0.000000 5582.895508 0.000000 0.046800 0.000000 -0.998904 1.000000 1.000000 1.000000
9226.920898 0.000000 5588.687012 0.000000 0.712952 0.000000 -0.701213 1.000000 1.000000 1.000000
9234.361328 0.000000 5600.725586 0.000000 0.521369 0.000000 -0.853331 1.000000 1.000000 1.000000
9237.373047 0.000000 5617.024902 0.000000 0.171981 0.000000 -0.985100 1.000000 1.000000 1.000000
9223.970703 0.000000 5565.571289 0.000000 0.316368 0.000000 -0.948637 1.000000 1.000000 1.000000
9219.348633 0.000000 5573.813965 0.000000 0.254692 0.000000 -0.967022 1.000000 1.000000 1.000000
9223.260742 0.000000 5564.720215 0.000000 0.500080 0.000000 -0.865979 1.000000 1.000000 1.000000
9239.994141 0.000000 5573.284180 0.000000 0.713875 0.000000 -0.700274 1.000000 1.000000 1.000000
9263.265625 0.000000 5594.078125 0.000000 0.241837 0.000000 -0.970317 1.000000 1.000000 1.000000
9247.581055 0.000000 5618.436035 0.000000 0.617222 0.000000 -0.786789 1.000000 1.000000 1.000000
9239.597656 0.000000 5609.663574 0.000000 0.552691 0.000000 -0.833386 1.000000 1.000000 1.000000
9263.424805 0.000000 5604.193359 0.000000 0.737256 0.000000 -0.675614 1.000000 1.000000 1.000000
9241.373047 0.000000 5604.767090 0.000000 0.720633 0.000000 -0.693317 1.000000 1.000000 1.000000
9258.541016 0.000000 5605.400391 0.000000 0.114213 0.000000 -0.993456 1.000000 1.000000 1.000000
9262.464844 0.000000 5583.573242 0.000000 0.833429 0.000000 -0.552627 1.000000 1.000000 1.000000
9263.381836 0.000000 5598.025391 0.000000 0.233447 0.000000 -0.972370 1.000000 1.000000 1.000000
9239.508789 0.000000 5577.075195 0.000000 0.460365 0.000000 -0.887730 1.000000 1.000000 1.000000
9243.326172 0.000000 5609.662109 0.000000 0.454564 0.000000 -0.890714 1.000000 1.000000 1.000000
9248.100586 0.000000 5615.065430 0.000000 0.587946 0.000000 -0.808900 1.000000 1.000000 1.000000
9240.004883 0.000000 5612.984863 0.000000 0.038215 0.000000 -0.999270 1.000000 1.000000 1.000000
9252.956055 0.000000 5589.861816 0.000000 0.705456 0.000000 -0.708753 1.000000 1.000000 1.000000
9260.681641 0.000000 5603.073730 0.000000 0.570693 0.000000 -0.821164 1.000000 1.000000 1.000000
9239.446289 0.000000 5616.560059 0.000000 0.735835 0.000000 -0.677161 1.000000 1.000000 1.000000
9242.952148 0.000000 5612.775879 0.000000 0.456448 0.000000 -0.889750 1.000000 1.000000 1.000000
9258.470703 0.000000 5601.633789 0.000000 0.417464 0.000000 -0.908694 1.000000 1.000000 1.000000
9262.678711 0.000000 5588.532715 0.000000 0.164285 0.000000 -0.986413 1.000000 1.000000 1.000000
9240.074219 0.000000 5606.349121 0.000000 0.208316 0.000000 -0.978061 1.000000 1.000000 1.000000
9251.128906 0.000000 5588.657227 0.000000 0.853878 0.000000 -0.520474 1.000000 1.000000 1.000000
9258.609375 0.000000 5570.885742 0.000000 0.770665 0.000000 -0.637241 1.000000 1.000000 1.000000
9246.560547 0.000000 5614.054199 0.000000 0.621629 0.000000 -0.783312 1.000000 1.000000 1.000000
9247.216797 0.000000 5616.622559 0.000000 0.197955 0.000000 -0.980211 1.000000 1.000000 1.000000
9245.726562 0.000000 5615.081543 0.000000 0.834702 0.000000 -0.550702 1.000000 1.000000 1.000000
9238.533203 0.000000 5647.281738 0.000000 0.697331 0.000000 -0.716749 1.000000 1.000000 1.000000
9238.900391 0.000000 5644.121582 0.000000 0.476147 0.000000 -0.879366 1.000000 1.000000 1.000000
9253.828125 0.000000 5691.717773 0.000000 0.790455 0.000000 -0.612521 1.000000 1.000000 1.000000
9253.547852 0.000000 5659.565918 0.000000 0.241557 0.000000 -0.970387 1.000000 1.000000 1.000000
9261.844727 0.000000 5697.201172 0.000000 0.570595 0.000000 -0.821232 1.000000 1.000000 1.000000
9252.072266 0.000000 5674.725098 0.000000 0.443641 0.000000 -0.896204 1.000000 1.000000 1.000000
9263.265625 0.000000 5682.070312 0.000000 0.686454 0.000000 -0.727173 1.000000 1.000000 1.000000
9248.040039 0.000000 5689.451172 0.000000 0.536062 0.000000 -0.844178 1.000000 1.000000 1.000000
9250.731445 0.000000 5645.966797 0.000000 0.700082 0.000000 -0.714063 1.000000 1.000000 1.000000
9258.541016 0.000000 5693.392578 0.000000 0.057765 0.000000 -0.998330 1.000000 1.000000 1.000000
9250.978516 0.000000 5655.441895 0.000000 0.124743 0.000000 -0.992189 1.000000 1.000000 1.000000
9250.796875 0.000000 5640.766113 0.000000 0.814692 0.000000 -0.579894 1.000000 1.000000 1.000000
9243.290039 0.000000 5664.364258 0.000000 0.653389 0.000000 -0.757022 1.000000 1.000000 1.000000
9245.218750 0.000000 5638.407227 0.000000 0.304703 0.000000 -0.952447 1.000000 1.000000 1.000000
9243.891602 0.000000 5680.039062 0.000000 0.832937 0.000000 -0.553368 1.000000 1.000000 1.000000
9263.381836 0.000000 5686.017578 0.000000 0.672871 0.000000 -0.739759 1.000000 1.000000 1.000000
9240.603516 0.000000 5673.013184 0.000000 0.609081 0.000000 -0.793108 1.000000 1.000000 1.000000
9258.697266 0.000000 5699.252930 0.000000 0.191494 0.000000 -0.981494 1.000000 1.000000 1.000000
9250.242188 0.000000 5692.473145 0.000000 0.396848 0.000000 -0.917884 1.000000 1.000000 1.000000
9263.405273 0.000000 5678.433105 0.000000 0.358573 0.000000 -0.933502 1.000000 1.000000 1.000000
9247.784180 0.000000 5653.633789 0.000000 0.812294 0.000000 -0.583248 1.000000 1.000000 1.000000
9258.165039 0.000000 5712.523438 0.000000 0.185302 0.000000 -0.982682 1.000000 1.000000 1.000000
9260.370117 0.000000 5680.353516 0.000000 0.469889 0.000000 -0.882726 1.000000 1.000000 1.000000
9249.973633 0.000000 5658.498535 0.000000 0.012614 0.000000 -0.999920 1.000000 1.000000 1.000000
9271.082031 0.000000 5711.075195 0.000000 0.533993 0.000000 -0.845489 1.000000 1.000000 1.000000
9262.889648 0.000000 5689.071777 0.000000 0.361479 0.000000 -0.932380 1.000000 1.000000 1.000000
9248.240234 0.000000 5638.974121 0.000000 0.750235 0.000000 -0.661171 1.000000 1.000000 1.000000
9251.613281 0.000000 5689.651367 0.000000 0.073498 0.000000 -0.997295 1.000000 1.000000 1.000000
9245.189453 0.000000 5677.311523 0.000000 0.800667 0.000000 -0.599109 1.000000 1.000000 1.000000
9258.323242 0.000000 5678.255371 0.000000 0.002127 0.000000 -0.999998 1.000000 1.000000 1.000000
9249.379883 0.000000 5643.397949 0.000000 0.289835 0.000000 -0.957077 1.000000 1.000000 1.000000
9246.658203 0.000000 5680.906250 0.000000 0.454365 0.000000 -0.890815 1.000000 1.000000 1.000000
9251.890625 0.000000 5661.723633 0.000000 0.507921 0.000000 -0.861404 1.000000 1.000000 1.000000
9243.517578 0.000000 5666.958496 0.000000 0.594176 0.000000 -0.804335 1.000000 1.000000 1.000000
9248.702148 0.000000 5656.280762 0.000000 0.580826 0.000000 -0.814027 1.000000 1.000000 1.000000
9261.911133 0.000000 5684.048340 0.000000 0.698668 0.000000 -0.715446 1.000000 1.000000 1.000000
9247.285156 0.000000 5668.486816 0.000000 0.386061 0.000000 -0.922473 1.000000 1.000000 1.000000
9265.633789 0.000000 5708.286133 0.000000 0.380615 0.000000 -0.924734 1.000000 1.000000 1.000000
9242.991211 0.000000 5677.887695 0.000000 0.860893 0.000000 -0.508785 1.000000 1.000000 1.000000
9241.634766 0.000000 5674.953125 0.000000 0.766444 0.000000 -0.642311 1.000000 1.000000 1.000000
9248.516602 0.000000 5634.052734 0.000000 0.034022 0.000000 -0.999421 1.000000 1.000000 1.000000
9256.737305 0.000000 5674.162598 0.000000 0.090813 0.000000 -0.995868 1.000000 1.000000 1.000000
9249.249023 0.000000 5650.846191 0.000000 0.861521 0.000000 -0.507722 1.000000 1.000000 1.000000
9245.795898 0.000000 5679.165039 0.000000 0.477855 0.000000 -0.878438 1.000000 1.000000 1.000000
9261.851562 0.000000 5687.543457 0.000000 0.549701 0.000000 -0.835362 1.000000 1.000000 1.000000
9249.546875 0.000000 5654.267090 0.000000 0.486324 0.000000 -0.873778 1.000000 1.000000 1.000000
9246.780273 0.000000 5640.132812 0.000000 0.505058 0.000000 -0.863085 1.000000 1.000000 1.000000
9249.679688 0.000000 5637.853516 0.000000 0.426606 0.000000 -0.904437 1.000000 1.000000 1.000000
9245.483398 0.000000 5675.543945 0.000000 0.634004 0.000000 -0.773329 1.000000 1.000000 1.000000
9258.556641 0.000000 5679.978516 0.000000 0.791104 0.000000 -0.611681 1.000000 1.000000 1.000000
9242.400391 0.000000 5673.324219 0.000000 0.221074 0.000000 -0.975257 1.000000 1.000000 1.000000
9256.650391 0.000000 5677.868164 0.000000 0.357497 0.000000 -0.933914 1.000000 1.000000 1.000000
9249.968750 0.000000 5660.205078 0.000000 0.112202 0.000000 -0.993685 1.000000 1.000000 1.000000
9277.311523 0.000000 5709.242188 0.000000 0.364551 0.000000 -0.931183 1.000000 1.000000 1.000000
9261.527344 0.000000 5712.682129 0.000000 0.545780 0.000000 -0.837928 1.000000 1.000000 1.000000
9239.449219 0.000000 5646.842773 0.000000 0.652032 0.000000 -0.758192 1.000000 1.000000 1.000000
9248.515625 0.000000 5667.403320 0.000000 0.627119 0.000000 -0.778924 1.000000 1.000000 1.000000
9272.203125 0.000000 5709.872559 0.000000 0.713500 0.000000 -0.700656 1.000000 1.000000 1.000000
9248.658203 0.000000 5669.298340 0.000000 0.823050 0.000000 -0.567969 1.000000 1.000000 1.000000
9256.992188 0.000000 5679.370605 0.000000 0.762233 0.000000 -0.647303 1.000000 1.000000 1.000000
9246.751953 0.000000 5638.532715 0.000000 0.399321 0.000000 -0.916811 1.000000 1.000000 1.000000
9267.149414 0.000000 5707.981934 0.000000 0.841723 0.000000 -0.539909 1.000000 1.000000 1.000000
9244.344727 0.000000 5678.568359 0.000000 0.593529 0.000000 -0.804812 1.000000 1.000000 1.000000
9255.266602 0.000000 5675.130859 0.000000 0.749951 0.000000 -0.661493 1.000000 1.000000 1.000000
9248.699219 0.000000 5665.295410 0.000000 0.322504 0.000000 -0.946568 1.000000 1.000000 1.000000
9268.585938 0.000000 5707.645508 0.000000 0.600685 0.000000 -0.799486 1.000000 1.000000 1.000000
9249.308594 0.000000 5646.383301 0.000000 0.831003 0.000000 -0.556268 1.000000 1.000000 1.000000
9266.152344 0.000000 5706.946289 0.000000 0.834077 0.000000 -0.551648 1.000000 1.000000 1.000000
9249.685547 0.000000 5641.638672 0.000000 0.474586 0.000000 -0.880209 1.000000 1.000000 1.000000
9276.084961 0.000000 5707.623047 0.000000 0.345863 0.000000 -0.938285 1.000000 1.000000 1.000000
9249.663086 0.000000 5664.437012 0.000000 0.298263 0.000000 -0.954484 1.000000 1.000000 1.000000
9262.942383 0.000000 5683.327148 0.000000 0.249669 0.000000 -0.968331 1.000000 1.000000 1.000000
9249.338867 0.000000 5657.375977 0.000000 0.428876 0.000000 -0.903363 1.000000 1.000000 1.000000
9248.124023 0.000000 5649.015625 0.000000 0.429457 0.000000 -0.903087 1.000000 1.000000 1.000000
9242.087891 0.000000 5677.042480 0.000000 0.253331 0.000000 -0.967380 1.000000 1.000000 1.000000
9260.955078 0.000000 5679.320801 0.000000 0.212898 0.000000 -0.977074 1.000000 1.000000 1.000000
9249.458008 0.000000 5691.582520 0.000000 0.846542 0.000000 -0.532322 1.000000 1.000000 1.000000
9248.595703 0.000000 5690.622559 0.000000 0.218683 0.000000 -0.975796 1.000000 1.000000 1.000000
9261.015625 0.000000 5711.661133 0.000000 0.115731 0.000000 -0.993281 1.000000 1.000000 1.000000
"}
