object={
	name="tree_leaf_high_generator_1_0"
	render_pass=Map
	clamp_to_water_level=no
	generated_content=yes
	layer="tree_high_layer"
	pdxmesh="tree_leaf_01_a_mesh"
	count=116
	transform="8977.027344 0.000000 5215.306152 0.000000 0.746242 0.000000 -0.665675 0.818912 0.818912 0.818912
8997.107422 0.000000 5225.025391 0.000000 0.997257 0.000000 -0.074023 0.803108 0.803108 0.803108
8992.106445 0.000000 5217.956055 0.000000 0.478012 0.000000 0.878353 0.757163 0.757163 0.757163
8978.163086 0.000000 5220.624023 0.000000 0.165273 0.000000 -0.986248 0.884169 0.884169 0.884169
8963.519531 0.000000 5216.988281 0.000000 0.590697 0.000000 -0.806893 1.203158 1.203158 1.203158
8994.291016 0.000000 5223.990723 0.000000 0.881212 0.000000 0.472722 0.595454 0.595454 0.595454
8979.543945 0.000000 5213.625977 0.000000 0.883090 0.000000 -0.469204 1.015570 1.015570 1.015570
8981.608398 0.000000 5210.315918 0.000000 0.333685 0.000000 -0.942684 0.913058 0.913058 0.913058
8990.518555 0.000000 5213.651367 0.000000 0.765075 0.000000 -0.643941 0.872662 0.872662 0.872662
8967.763672 0.000000 5211.670410 0.000000 0.483879 0.000000 0.875135 0.693576 0.693576 0.693576
8977.150391 0.000000 5212.836426 0.000000 0.538636 0.000000 -0.842538 0.938082 0.938082 0.938082
8965.604492 0.000000 5212.783203 0.000000 0.878697 0.000000 0.477379 0.605183 0.605183 0.605183
8963.160156 0.000000 5211.291016 0.000000 0.783727 0.000000 -0.621105 0.882984 0.882984 0.882984
8965.294922 0.000000 5215.220215 0.000000 0.847615 0.000000 -0.530612 1.016717 1.016717 1.016717
8991.654297 0.000000 5215.658203 0.000000 0.592414 0.000000 -0.805634 1.134891 1.134891 1.134891
8961.168945 0.000000 5214.779297 0.000000 0.999941 0.000000 0.010906 0.798628 0.798628 0.798628
8972.194336 0.000000 5222.960938 0.000000 0.126573 0.000000 -0.991957 1.050889 1.050889 1.050889
8958.260742 0.000000 5213.913574 0.000000 0.999169 0.000000 -0.040756 0.818076 0.818076 0.818076
8980.890625 0.000000 5212.117188 0.000000 0.955255 0.000000 0.295785 0.735830 0.735830 0.735830
8973.514648 0.000000 5221.670410 0.000000 0.913282 0.000000 -0.407328 0.895520 0.895520 0.895520
8975.019531 0.000000 5218.336426 0.000000 0.584700 0.000000 0.811249 0.372869 0.372869 0.372869
8976.415039 0.000000 5220.079102 0.000000 0.913490 0.000000 0.406861 0.676143 0.676143 0.676143
8961.984375 0.000000 5217.723633 0.000000 0.335112 0.000000 0.942178 0.409695 0.409695 0.409695
8972.960938 0.000000 5219.587402 0.000000 0.938782 0.000000 0.344511 0.670044 0.670044 0.670044
9002.678711 0.000000 5217.731445 0.000000 0.557366 0.000000 -0.830267 0.999560 0.999560 0.999560
9002.280273 0.000000 5215.588867 0.000000 0.937399 0.000000 0.348258 0.696275 0.696275 0.696275
9226.367188 0.000000 5318.785645 0.000000 0.982937 0.000000 0.183944 0.785221 0.785221 0.785221
9224.406250 0.000000 5317.232422 0.000000 0.830386 0.000000 -0.557189 0.866100 0.866100 0.866100
9440.795898 0.000000 5337.987305 0.000000 0.707091 0.000000 0.707123 0.768627 0.768627 0.768627
9478.764648 0.000000 5363.301758 0.000000 0.493757 0.000000 0.869600 0.738930 0.738930 0.738930
9460.984375 0.000000 5363.568359 0.000000 0.896323 0.000000 -0.443401 1.025708 1.025708 1.025708
9458.777344 0.000000 5357.415527 0.000000 0.858239 0.000000 0.513250 0.548112 0.548112 0.548112
9451.527344 0.000000 5345.492676 0.000000 0.684382 0.000000 0.729124 0.742886 0.742886 0.742886
9446.333984 0.000000 5357.274414 0.000000 0.107926 0.000000 -0.994159 0.899324 0.899324 0.899324
9456.276367 0.000000 5344.165039 0.000000 0.910440 0.000000 -0.413641 1.017189 1.017189 1.017189
9443.518555 0.000000 5338.064453 0.000000 0.869690 0.000000 -0.493598 0.998987 0.998987 0.998987
9448.230469 0.000000 5354.297363 0.000000 0.817274 0.000000 0.576249 0.520343 0.520343 0.520343
9459.272461 0.000000 5361.547852 0.000000 0.594027 0.000000 0.804445 0.704788 0.704788 0.704788
9457.595703 0.000000 5346.853516 0.000000 0.702594 0.000000 -0.711591 1.203240 1.203240 1.203240
9467.478516 0.000000 5352.777344 0.000000 0.034313 0.000000 -0.999411 1.438292 1.438292 1.438292
9445.638672 0.000000 5354.855957 0.000000 0.991353 0.000000 0.131220 0.782653 0.782653 0.782653
9455.686523 0.000000 5349.236816 0.000000 0.386759 0.000000 0.922181 0.647632 0.647632 0.647632
9451.427734 0.000000 5343.249512 0.000000 0.811919 0.000000 0.583771 0.597064 0.597064 0.597064
9469.336914 0.000000 5354.067871 0.000000 0.877385 0.000000 -0.479788 0.997890 0.997890 0.997890
9450.494141 0.000000 5359.624023 0.000000 0.932577 0.000000 0.360971 0.684197 0.684197 0.684197
9462.211914 0.000000 5353.959961 0.000000 0.632812 0.000000 0.774305 0.667341 0.667341 0.667341
9458.168945 0.000000 5355.337402 0.000000 0.917904 0.000000 0.396802 0.657386 0.657386 0.657386
9477.263672 0.000000 5361.452148 0.000000 0.782697 0.000000 -0.622403 1.107264 1.107264 1.107264
9450.598633 0.000000 5340.404297 0.000000 0.905469 0.000000 -0.424412 0.961952 0.961952 0.961952
9463.577148 0.000000 5350.289551 0.000000 0.986158 0.000000 -0.165807 0.829942 0.829942 0.829942
9476.746094 0.000000 5363.934570 0.000000 0.999098 0.000000 -0.042468 0.806363 0.806363 0.806363
9465.073242 0.000000 5367.426758 0.000000 0.920215 0.000000 -0.391414 0.965464 0.965464 0.965464
9450.797852 0.000000 5354.649414 0.000000 0.747838 0.000000 -0.663881 0.921799 0.921799 0.921799
9478.159180 0.000000 5366.660156 0.000000 0.640259 0.000000 -0.768159 1.076421 1.076421 1.076421
9458.939453 0.000000 5363.726074 0.000000 0.937681 0.000000 -0.347499 0.864503 0.864503 0.864503
9473.991211 0.000000 5360.451172 0.000000 0.836739 0.000000 0.547602 0.578938 0.578938 0.578938
9461.940430 0.000000 5361.819336 0.000000 0.113375 0.000000 0.993552 0.471133 0.471133 0.471133
9448.173828 0.000000 5357.871094 0.000000 0.465704 0.000000 -0.884941 1.114611 1.114611 1.114611
9471.219727 0.000000 5357.593750 0.000000 0.805949 0.000000 -0.591985 0.918937 0.918937 0.918937
9459.291016 0.000000 5347.692871 0.000000 0.225534 0.000000 -0.974235 1.484140 1.484140 1.484140
9444.137695 0.000000 5340.233398 0.000000 0.997601 0.000000 -0.069220 0.828779 0.828779 0.828779
9461.962891 0.000000 5365.134766 0.000000 0.380924 0.000000 -0.924606 1.108733 1.108733 1.108733
9465.550781 0.000000 5352.718262 0.000000 0.995290 0.000000 0.096938 0.770331 0.770331 0.770331
9462.839844 0.000000 5363.459961 0.000000 0.786511 0.000000 0.617576 0.657746 0.657746 0.657746
9447.625000 0.000000 5355.995117 0.000000 0.005510 0.000000 -0.999985 1.206413 1.206413 1.206413
9471.044922 0.000000 5363.375488 0.000000 0.885010 0.000000 0.465572 0.687802 0.687802 0.687802
9455.531250 0.000000 5342.556152 0.000000 0.709593 0.000000 0.704611 0.501736 0.501736 0.501736
9451.940430 0.000000 5341.570801 0.000000 0.995482 0.000000 -0.094948 0.835135 0.835135 0.835135
9440.628906 0.000000 5344.533691 0.000000 0.969238 0.000000 -0.246127 0.862085 0.862085 0.862085
9448.013672 0.000000 5352.361816 0.000000 0.615164 0.000000 0.788399 0.529729 0.529729 0.529729
9470.804688 0.000000 5360.345703 0.000000 0.705826 0.000000 -0.708386 1.166333 1.166333 1.166333
9442.477539 0.000000 5350.479492 0.000000 0.791409 0.000000 -0.611287 0.991779 0.991779 0.991779
9445.303711 0.000000 5342.740723 0.000000 0.306187 0.000000 -0.951971 1.192456 1.192456 1.192456
9465.106445 0.000000 5351.043945 0.000000 0.717833 0.000000 0.696215 0.572362 0.572362 0.572362
9457.618164 0.000000 5345.205566 0.000000 0.594098 0.000000 0.804393 0.323985 0.323985 0.323985
9460.556641 0.000000 5346.095703 0.000000 0.836480 0.000000 -0.547997 0.987650 0.987650 0.987650
9456.182617 0.000000 5345.955078 0.000000 0.505813 0.000000 0.862643 0.270092 0.270092 0.270092
9481.753906 0.000000 5365.158691 0.000000 0.306801 0.000000 0.951774 0.583757 0.583757 0.583757
9465.856445 0.000000 5372.258789 0.000000 0.993757 0.000000 0.111568 0.796427 0.796427 0.796427
9471.486328 0.000000 5378.036621 0.000000 0.739090 0.000000 -0.673606 0.863473 0.863473 0.863473
9465.675781 0.000000 5369.477539 0.000000 0.167616 0.000000 0.985852 0.189404 0.189404 0.189404
9474.625000 0.000000 5372.331055 0.000000 0.293397 0.000000 0.955991 0.634736 0.634736 0.634736
9469.426758 0.000000 5382.349121 0.000000 0.411418 0.000000 -0.911447 1.287857 1.287857 1.287857
9475.446289 0.000000 5390.610352 0.000000 0.946618 0.000000 0.322357 0.758046 0.758046 0.758046
9476.982422 0.000000 5375.412109 0.000000 0.981057 0.000000 0.193721 0.711613 0.711613 0.711613
9475.759766 0.000000 5377.269043 0.000000 0.991381 0.000000 -0.131011 0.840149 0.840149 0.840149
9464.578125 0.000000 5379.491211 0.000000 0.853574 0.000000 0.520971 0.696026 0.696026 0.696026
9472.283203 0.000000 5375.666504 0.000000 0.551324 0.000000 -0.834291 0.973445 0.973445 0.973445
9467.568359 0.000000 5381.396484 0.000000 0.289269 0.000000 -0.957248 1.085728 1.085728 1.085728
9476.666016 0.000000 5379.062988 0.000000 0.996176 0.000000 0.087375 0.783051 0.783051 0.783051
9464.736328 0.000000 5375.407227 0.000000 0.290394 0.000000 -0.956907 1.011550 1.011550 1.011550
9479.008789 0.000000 5375.664062 0.000000 0.853322 0.000000 0.521384 0.693743 0.693743 0.693743
9469.625977 0.000000 5377.350586 0.000000 0.991119 0.000000 0.132979 0.754982 0.754982 0.754982
9466.601562 0.000000 5379.574707 0.000000 0.663274 0.000000 -0.748377 1.151289 1.151289 1.151289
9479.297852 0.000000 5373.734375 0.000000 0.168540 0.000000 -0.985695 1.359805 1.359805 1.359805
9473.608398 0.000000 5377.115234 0.000000 0.062754 0.000000 -0.998029 1.086125 1.086125 1.086125
9474.836914 0.000000 5388.680176 0.000000 0.751540 0.000000 0.659687 0.505043 0.505043 0.505043
9467.441406 0.000000 5371.292480 0.000000 0.948167 0.000000 0.317774 0.708287 0.708287 0.708287
9478.649414 0.000000 5388.771973 0.000000 0.401060 0.000000 -0.916052 1.123827 1.123827 1.123827
9458.915039 0.000000 5372.061523 0.000000 0.980062 0.000000 0.198694 0.751661 0.751661 0.751661
9478.884766 0.000000 5380.145020 0.000000 0.434432 0.000000 0.900705 0.356543 0.356543 0.356543
9475.709961 0.000000 5374.054688 0.000000 0.486042 0.000000 -0.873935 1.093049 1.093049 1.093049
9468.708984 0.000000 5374.458008 0.000000 0.620086 0.000000 0.784534 0.405494 0.405494 0.405494
9468.362305 0.000000 5376.128418 0.000000 0.869256 0.000000 0.494362 0.625461 0.625461 0.625461
9459.856445 0.000000 5375.051758 0.000000 0.989723 0.000000 0.142998 0.736092 0.736092 0.736092
9480.408203 0.000000 5371.854980 0.000000 0.846392 0.000000 0.532560 0.589122 0.589122 0.589122
9481.645508 0.000000 5383.293457 0.000000 0.419212 0.000000 -0.907889 1.200100 1.200100 1.200100
9480.304688 0.000000 5386.342773 0.000000 0.484336 0.000000 0.874882 0.502158 0.502158 0.502158
9482.647461 0.000000 5393.715820 0.000000 0.994653 0.000000 -0.103272 0.836780 0.836780 0.836780
9481.268555 0.000000 5370.061523 0.000000 0.153051 0.000000 -0.988218 1.332110 1.332110 1.332110
9483.851562 0.000000 5382.981445 0.000000 0.903515 0.000000 0.428557 0.697390 0.697390 0.697390
9479.856445 0.000000 5391.078125 0.000000 0.999385 0.000000 -0.035080 0.807919 0.807919 0.807919
9479.841797 0.000000 5367.544922 0.000000 0.818978 0.000000 0.573825 0.607137 0.607137 0.607137
9483.482422 0.000000 5387.857422 0.000000 0.997031 0.000000 -0.076996 0.826168 0.826168 0.826168
9482.249023 0.000000 5391.573242 0.000000 0.926111 0.000000 -0.377250 0.964560 0.964560 0.964560
9479.445312 0.000000 5373.331055 0.000000 0.456097 0.000000 -0.889930 1.238271 1.238271 1.238271
"}
