object={
	name="tree_leaf_high_generator_2_0"
	render_pass=Map
	clamp_to_water_level=no
	generated_content=yes
	layer="tree_high_layer"
	pdxmesh="tree_leaf_01_b_mesh"
	count=25
	transform="10727.961914 0.000000 4198.532715 0.000000 0.920210 0.000000 -0.391424 0.400402 0.400402 0.400402
10714.387695 0.000000 4173.238770 0.000000 0.629159 0.000000 0.777276 0.398666 0.398666 0.398666
10786.203125 0.000000 4182.056152 0.000000 0.046347 0.000000 -0.998925 0.570501 0.570501 0.570501
10708.122070 0.000000 4176.141113 0.000000 0.821574 0.000000 0.570102 0.389702 0.389702 0.389702
10744.778320 0.000000 4171.602051 0.000000 0.933209 0.000000 0.359333 0.393026 0.393026 0.393026
10771.149414 0.000000 4184.333008 0.000000 0.698961 0.000000 -0.715159 0.412732 0.412732 0.412732
10737.695312 0.000000 4182.682129 0.000000 0.343010 0.000000 0.939332 0.370135 0.370135 0.370135
10733.196289 0.000000 4194.049316 0.000000 0.588839 0.000000 -0.808251 0.432426 0.432426 0.432426
10721.838867 0.000000 4182.165039 0.000000 0.981926 0.000000 0.189267 0.383076 0.383076 0.383076
10730.896484 0.000000 4176.657715 0.000000 0.961905 0.000000 0.273384 0.387141 0.387141 0.387141
10787.961914 0.000000 4180.015625 0.000000 0.842973 0.000000 0.537956 0.352353 0.352353 0.352353
10735.110352 0.000000 4182.749512 0.000000 0.486404 0.000000 -0.873734 0.449884 0.449884 0.449884
10728.327148 0.000000 4177.904297 0.000000 0.993025 0.000000 -0.117905 0.408792 0.408792 0.408792
10730.025391 0.000000 4189.711426 0.000000 0.561197 0.000000 0.827683 0.336715 0.336715 0.336715
10782.230469 0.000000 4178.106445 0.000000 0.988025 0.000000 0.154296 0.389867 0.389867 0.389867
10728.926758 0.000000 4195.362305 0.000000 0.996002 0.000000 -0.089331 0.405226 0.405226 0.405226
10769.011719 0.000000 4180.376953 0.000000 0.989267 0.000000 -0.146123 0.409446 0.409446 0.409446
10742.493164 0.000000 4171.254395 0.000000 0.365166 0.000000 -0.930942 0.487857 0.487857 0.487857
10776.488281 0.000000 4183.666992 0.000000 0.954803 0.000000 0.297239 0.378903 0.378903 0.378903
10710.072266 0.000000 4177.056152 0.000000 0.399019 0.000000 -0.916943 0.467207 0.467207 0.467207
10724.540039 0.000000 4184.350586 0.000000 0.392989 0.000000 0.919543 0.332995 0.332995 0.332995
10804.075195 0.000000 4157.505371 0.000000 0.887642 0.000000 -0.460533 0.408125 0.408125 0.408125
10801.559570 0.000000 4151.402832 0.000000 0.857264 0.000000 0.514877 0.369213 0.369213 0.369213
10804.957031 0.000000 4152.567871 0.000000 0.130448 0.000000 -0.991455 0.507130 0.507130 0.507130
10800.730469 0.000000 4144.683594 0.000000 0.701378 0.000000 -0.712789 0.446750 0.446750 0.446750
"}
