object={
	name="tree_cypress_01_generator_1_0"
	render_pass=Map
	clamp_to_water_level=no
	generated_content=yes
	layer="tree_high_layer"
	pdxmesh="tree_cypress_01_a_mesh"
	count=510
	transform="9230.257812 0.000000 5365.000488 0.000000 0.765135 0.000000 0.643870 1.000000 1.000000 1.000000
9211.663086 0.000000 5361.506836 0.000000 0.999457 0.000000 0.032940 1.000000 1.000000 1.000000
9233.243164 0.000000 5341.072754 0.000000 0.698690 0.000000 0.715425 1.000000 1.000000 1.000000
9214.421875 0.000000 5351.205078 0.000000 0.386182 0.000000 0.922423 1.000000 1.000000 1.000000
9234.049805 0.000000 5353.592773 0.000000 0.999979 0.000000 0.006465 1.000000 1.000000 1.000000
9206.222656 0.000000 5352.563965 0.000000 0.992202 0.000000 0.124638 1.000000 1.000000 1.000000
9198.912109 0.000000 5347.904785 0.000000 0.118672 0.000000 0.992933 1.000000 1.000000 1.000000
9236.225586 0.000000 5365.978027 0.000000 0.095053 0.000000 0.995472 1.000000 1.000000 1.000000
9209.786133 0.000000 5348.242676 0.000000 0.385796 0.000000 0.922584 1.000000 1.000000 1.000000
9215.709961 0.000000 5338.105469 0.000000 0.974215 0.000000 0.225620 1.000000 1.000000 1.000000
9195.881836 0.000000 5344.023926 0.000000 0.178848 0.000000 0.983877 1.000000 1.000000 1.000000
9205.922852 0.000000 5339.692383 0.000000 0.043763 0.000000 0.999042 1.000000 1.000000 1.000000
9214.942383 0.000000 5346.966309 0.000000 0.979625 0.000000 0.200836 1.000000 1.000000 1.000000
9237.866211 0.000000 5351.808594 0.000000 0.622507 0.000000 0.782614 1.000000 1.000000 1.000000
9235.228516 0.000000 5362.083984 0.000000 0.839966 0.000000 0.542639 1.000000 1.000000 1.000000
9223.737305 0.000000 5352.390625 0.000000 0.938697 0.000000 0.344745 1.000000 1.000000 1.000000
9210.610352 0.000000 5352.610352 0.000000 0.463385 0.000000 0.886157 1.000000 1.000000 1.000000
9234.675781 0.000000 5344.843262 0.000000 0.297184 0.000000 0.954820 1.000000 1.000000 1.000000
9223.106445 0.000000 5356.188477 0.000000 0.653039 0.000000 0.757324 1.000000 1.000000 1.000000
9238.780273 0.000000 5363.301758 0.000000 0.163814 0.000000 0.986491 1.000000 1.000000 1.000000
9195.082031 0.000000 5347.565918 0.000000 0.891255 0.000000 0.453502 1.000000 1.000000 1.000000
9216.527344 0.000000 5353.969238 0.000000 0.997746 0.000000 0.067108 1.000000 1.000000 1.000000
9213.208984 0.000000 5354.356445 0.000000 0.018692 0.000000 0.999825 1.000000 1.000000 1.000000
9212.347656 0.000000 5358.358398 0.000000 0.960994 0.000000 0.276568 1.000000 1.000000 1.000000
9235.491211 0.000000 5358.960449 0.000000 0.868724 0.000000 0.495297 1.000000 1.000000 1.000000
9198.942383 0.000000 5344.920410 0.000000 0.367490 0.000000 0.930027 1.000000 1.000000 1.000000
9220.329102 0.000000 5366.535156 0.000000 0.379212 0.000000 0.925310 1.000000 1.000000 1.000000
9212.586914 0.000000 5348.850586 0.000000 0.993103 0.000000 0.117246 1.000000 1.000000 1.000000
9216.291992 0.000000 5344.165039 0.000000 0.359868 0.000000 0.933003 1.000000 1.000000 1.000000
9239.241211 0.000000 5342.626465 0.000000 0.928354 0.000000 0.371696 1.000000 1.000000 1.000000
9203.534180 0.000000 5338.064453 0.000000 0.965174 0.000000 0.261610 1.000000 1.000000 1.000000
9204.127930 0.000000 5350.892578 0.000000 0.990430 0.000000 0.138014 1.000000 1.000000 1.000000
9219.989258 0.000000 5342.165527 0.000000 0.546532 0.000000 0.837438 1.000000 1.000000 1.000000
9228.907227 0.000000 5349.165527 0.000000 0.992000 0.000000 0.126236 1.000000 1.000000 1.000000
9233.183594 0.000000 5347.020996 0.000000 0.108900 0.000000 0.994053 1.000000 1.000000 1.000000
9206.843750 0.000000 5342.027344 0.000000 0.580962 0.000000 0.813931 1.000000 1.000000 1.000000
9206.234375 0.000000 5349.694824 0.000000 0.998310 0.000000 0.058118 1.000000 1.000000 1.000000
9223.085938 0.000000 5366.636719 0.000000 0.909944 0.000000 0.414730 1.000000 1.000000 1.000000
9199.391602 0.000000 5350.776367 0.000000 0.963364 0.000000 0.268199 1.000000 1.000000 1.000000
9221.233398 0.000000 5357.549316 0.000000 0.857755 0.000000 0.514059 1.000000 1.000000 1.000000
9216.604492 0.000000 5358.679199 0.000000 0.884780 0.000000 0.466008 1.000000 1.000000 1.000000
9229.352539 0.000000 5354.067871 0.000000 0.804136 0.000000 0.594446 1.000000 1.000000 1.000000
9218.184570 0.000000 5355.337402 0.000000 0.261280 0.000000 0.965263 1.000000 1.000000 1.000000
9236.808594 0.000000 5338.678711 0.000000 0.691510 0.000000 0.722366 1.000000 1.000000 1.000000
9212.233398 0.000000 5356.242188 0.000000 0.566332 0.000000 0.824178 1.000000 1.000000 1.000000
9236.761719 0.000000 5363.934570 0.000000 0.022447 0.000000 0.999748 1.000000 1.000000 1.000000
9235.230469 0.000000 5340.112305 0.000000 0.995813 0.000000 0.091411 1.000000 1.000000 1.000000
9234.160156 0.000000 5366.520996 0.000000 0.243197 0.000000 0.969977 1.000000 1.000000 1.000000
9234.006836 0.000000 5360.451172 0.000000 0.650724 0.000000 0.759314 1.000000 1.000000 1.000000
9218.207031 0.000000 5343.402344 0.000000 0.681216 0.000000 0.732082 1.000000 1.000000 1.000000
9208.189453 0.000000 5357.871094 0.000000 0.340410 0.000000 0.940277 1.000000 1.000000 1.000000
9208.601562 0.000000 5337.198730 0.000000 0.702573 0.000000 0.711612 1.000000 1.000000 1.000000
9220.147461 0.000000 5355.826172 0.000000 0.855388 0.000000 0.517987 1.000000 1.000000 1.000000
9226.214844 0.000000 5348.589844 0.000000 0.785311 0.000000 0.619101 1.000000 1.000000 1.000000
9204.153320 0.000000 5340.233398 0.000000 0.999835 0.000000 0.018159 1.000000 1.000000 1.000000
9221.978516 0.000000 5365.134766 0.000000 0.173224 0.000000 0.984882 1.000000 1.000000 1.000000
9207.989258 0.000000 5348.881348 0.000000 0.928951 0.000000 0.370203 1.000000 1.000000 1.000000
9238.717773 0.000000 5350.086914 0.000000 0.851935 0.000000 0.523647 1.000000 1.000000 1.000000
9191.246094 0.000000 5343.288574 0.000000 0.886398 0.000000 0.462923 1.000000 1.000000 1.000000
9238.591797 0.000000 5338.187500 0.000000 0.961955 0.000000 0.273207 1.000000 1.000000 1.000000
9214.702148 0.000000 5353.319336 0.000000 0.902353 0.000000 0.430998 1.000000 1.000000 1.000000
9209.854492 0.000000 5346.390625 0.000000 0.474915 0.000000 0.880032 1.000000 1.000000 1.000000
9202.069336 0.000000 5343.402344 0.000000 0.241118 0.000000 0.970496 1.000000 1.000000 1.000000
9234.968750 0.000000 5346.782227 0.000000 0.378802 0.000000 0.925478 1.000000 1.000000 1.000000
9214.119141 0.000000 5358.545898 0.000000 0.793647 0.000000 0.608379 1.000000 1.000000 1.000000
9235.083984 0.000000 5364.468750 0.000000 0.826803 0.000000 0.562492 1.000000 1.000000 1.000000
9212.792969 0.000000 5350.581543 0.000000 0.794492 0.000000 0.607274 1.000000 1.000000 1.000000
9196.182617 0.000000 5342.166016 0.000000 0.992033 0.000000 0.125981 1.000000 1.000000 1.000000
9210.157227 0.000000 5344.504883 0.000000 0.952252 0.000000 0.305312 1.000000 1.000000 1.000000
9200.006836 0.000000 5353.063965 0.000000 0.414305 0.000000 0.910138 1.000000 1.000000 1.000000
9206.956055 0.000000 5345.554199 0.000000 0.624665 0.000000 0.780893 1.000000 1.000000 1.000000
9211.194336 0.000000 5347.375488 0.000000 0.193390 0.000000 0.981122 1.000000 1.000000 1.000000
9231.246094 0.000000 5351.315430 0.000000 0.993394 0.000000 0.114754 1.000000 1.000000 1.000000
9217.633789 0.000000 5345.205566 0.000000 0.749523 0.000000 0.661979 1.000000 1.000000 1.000000
9216.198242 0.000000 5345.955078 0.000000 0.487225 0.000000 0.873277 1.000000 1.000000 1.000000
9237.250977 0.000000 5358.793457 0.000000 0.994326 0.000000 0.106371 1.000000 1.000000 1.000000
9202.001953 0.000000 5341.769531 0.000000 0.667320 0.000000 0.744771 1.000000 1.000000 1.000000
9211.676758 0.000000 5336.535645 0.000000 0.818926 0.000000 0.573900 1.000000 1.000000 1.000000
9211.116211 0.000000 5357.284180 0.000000 0.665966 0.000000 0.745982 1.000000 1.000000 1.000000
9208.207031 0.000000 5341.260254 0.000000 0.957913 0.000000 0.287060 1.000000 1.000000 1.000000
9213.806641 0.000000 5356.176758 0.000000 0.428649 0.000000 0.903471 1.000000 1.000000 1.000000
9199.420898 0.000000 5346.449707 0.000000 0.999835 0.000000 0.018179 1.000000 1.000000 1.000000
9198.628906 0.000000 5349.408691 0.000000 0.580850 0.000000 0.814010 1.000000 1.000000 1.000000
9231.677734 0.000000 5346.025879 0.000000 0.780360 0.000000 0.625331 1.000000 1.000000 1.000000
9205.406250 0.000000 5341.208496 0.000000 0.939362 0.000000 0.342928 1.000000 1.000000 1.000000
9204.742188 0.000000 5352.274414 0.000000 0.661582 0.000000 0.749873 1.000000 1.000000 1.000000
9224.511719 0.000000 5366.004395 0.000000 0.997600 0.000000 0.069238 1.000000 1.000000 1.000000
9237.999023 0.000000 5339.524902 0.000000 0.697569 0.000000 0.716517 1.000000 1.000000 1.000000
9209.815430 0.000000 5351.383301 0.000000 0.932926 0.000000 0.360069 1.000000 1.000000 1.000000
9204.785156 0.000000 5338.827637 0.000000 0.999113 0.000000 0.042108 1.000000 1.000000 1.000000
9217.858398 0.000000 5361.743164 0.000000 0.703246 0.000000 0.710947 1.000000 1.000000 1.000000
9200.284180 0.000000 5348.223145 0.000000 0.416248 0.000000 0.909251 1.000000 1.000000 1.000000
9217.160156 0.000000 5337.991699 0.000000 0.679742 0.000000 0.733451 1.000000 1.000000 1.000000
9211.069336 0.000000 5348.796387 0.000000 0.053851 0.000000 0.998549 1.000000 1.000000 1.000000
9213.792969 0.000000 5337.683594 0.000000 0.699653 0.000000 0.714483 1.000000 1.000000 1.000000
9230.172852 0.000000 5352.991699 0.000000 0.902817 0.000000 0.430026 1.000000 1.000000 1.000000
9209.319336 0.000000 5355.142090 0.000000 0.999145 0.000000 0.041339 1.000000 1.000000 1.000000
9216.251953 0.000000 5336.829102 0.000000 0.248511 0.000000 0.968629 1.000000 1.000000 1.000000
9237.468750 0.000000 5362.826660 0.000000 0.990065 0.000000 0.140611 1.000000 1.000000 1.000000
9228.856445 0.000000 5352.745605 0.000000 0.717678 0.000000 0.696375 1.000000 1.000000 1.000000
9209.208008 0.000000 5343.593262 0.000000 0.071816 0.000000 0.997418 1.000000 1.000000 1.000000
9199.935547 0.000000 5349.604492 0.000000 0.546074 0.000000 0.837737 1.000000 1.000000 1.000000
9221.346680 0.000000 5342.421875 0.000000 0.725263 0.000000 0.688472 1.000000 1.000000 1.000000
9198.144531 0.000000 5346.856934 0.000000 0.265232 0.000000 0.964185 1.000000 1.000000 1.000000
9237.151367 0.000000 5360.111328 0.000000 0.732346 0.000000 0.680932 1.000000 1.000000 1.000000
9239.090820 0.000000 5351.294434 0.000000 0.091401 0.000000 0.995814 1.000000 1.000000 1.000000
9203.082031 0.000000 5340.912598 0.000000 0.624694 0.000000 0.780870 1.000000 1.000000 1.000000
9206.575195 0.000000 5343.288574 0.000000 0.414389 0.000000 0.910100 1.000000 1.000000 1.000000
9206.235352 0.000000 5355.958496 0.000000 0.999982 0.000000 0.005988 1.000000 1.000000 1.000000
9215.304688 0.000000 5358.300293 0.000000 0.717147 0.000000 0.696922 1.000000 1.000000 1.000000
9235.611328 0.000000 5338.941406 0.000000 0.062720 0.000000 0.998031 1.000000 1.000000 1.000000
9238.824219 0.000000 5348.895996 0.000000 0.307697 0.000000 0.951485 1.000000 1.000000 1.000000
9236.455078 0.000000 5339.826660 0.000000 0.079664 0.000000 0.996822 1.000000 1.000000 1.000000
9228.949219 0.000000 5350.502930 0.000000 0.995371 0.000000 0.096106 1.000000 1.000000 1.000000
9208.699219 0.000000 5347.791016 0.000000 0.615182 0.000000 0.788385 1.000000 1.000000 1.000000
9234.261719 0.000000 5365.323730 0.000000 0.940929 0.000000 0.338604 1.000000 1.000000 1.000000
9236.415039 0.000000 5362.308594 0.000000 0.285456 0.000000 0.958392 1.000000 1.000000 1.000000
9198.207031 0.000000 5343.964844 0.000000 0.633723 0.000000 0.773560 1.000000 1.000000 1.000000
9198.051758 0.000000 5345.686035 0.000000 0.096065 0.000000 0.995375 1.000000 1.000000 1.000000
9203.179688 0.000000 5343.076172 0.000000 0.864436 0.000000 0.502742 1.000000 1.000000 1.000000
9218.739258 0.000000 5364.964844 0.000000 0.945050 0.000000 0.326925 1.000000 1.000000 1.000000
9215.053711 0.000000 5352.246582 0.000000 0.996386 0.000000 0.084940 1.000000 1.000000 1.000000
9231.812500 0.000000 5352.279297 0.000000 0.405866 0.000000 0.913933 1.000000 1.000000 1.000000
9231.983398 0.000000 5347.054688 0.000000 0.977734 0.000000 0.209848 1.000000 1.000000 1.000000
9215.879883 0.000000 5353.137695 0.000000 0.741175 0.000000 0.671312 1.000000 1.000000 1.000000
9213.346680 0.000000 5351.489746 0.000000 0.944667 0.000000 0.328030 1.000000 1.000000 1.000000
9200.298828 0.000000 5343.498535 0.000000 0.589107 0.000000 0.808055 1.000000 1.000000 1.000000
9214.643555 0.000000 5359.456055 0.000000 0.793816 0.000000 0.608158 1.000000 1.000000 1.000000
9231.660156 0.000000 5349.065918 0.000000 0.560757 0.000000 0.827980 1.000000 1.000000 1.000000
9352.187500 0.000000 5314.676758 0.000000 0.986066 0.000000 0.166353 1.000000 1.000000 1.000000
9354.854492 0.000000 5325.531738 0.000000 0.654134 0.000000 0.756378 1.000000 1.000000 1.000000
9327.863281 0.000000 5326.107422 0.000000 0.934300 0.000000 0.356489 1.000000 1.000000 1.000000
9348.154297 0.000000 5321.223145 0.000000 0.667790 0.000000 0.744350 1.000000 1.000000 1.000000
9334.771484 0.000000 5326.138184 0.000000 0.892013 0.000000 0.452010 1.000000 1.000000 1.000000
9338.550781 0.000000 5318.289551 0.000000 0.224133 0.000000 0.974559 1.000000 1.000000 1.000000
9346.296875 0.000000 5325.954590 0.000000 0.019860 0.000000 0.999803 1.000000 1.000000 1.000000
9359.317383 0.000000 5323.245117 0.000000 0.395354 0.000000 0.918529 1.000000 1.000000 1.000000
9241.373047 0.000000 5340.790527 0.000000 0.978501 0.000000 0.206242 1.000000 1.000000 1.000000
9323.351562 0.000000 5324.484863 0.000000 0.155543 0.000000 0.987829 1.000000 1.000000 1.000000
9343.519531 0.000000 5319.853027 0.000000 0.149399 0.000000 0.988777 1.000000 1.000000 1.000000
9329.459961 0.000000 5322.057129 0.000000 0.546315 0.000000 0.837580 1.000000 1.000000 1.000000
9336.450195 0.000000 5322.117676 0.000000 0.990814 0.000000 0.135229 1.000000 1.000000 1.000000
9350.664062 0.000000 5324.990723 0.000000 0.906035 0.000000 0.423203 1.000000 1.000000 1.000000
9336.207031 0.000000 5329.767090 0.000000 0.607824 0.000000 0.794072 1.000000 1.000000 1.000000
9343.697266 0.000000 5328.731445 0.000000 0.009031 0.000000 0.999959 1.000000 1.000000 1.000000
9350.028320 0.000000 5317.787598 0.000000 0.713538 0.000000 0.700617 1.000000 1.000000 1.000000
9338.730469 0.000000 5327.000977 0.000000 0.731711 0.000000 0.681615 1.000000 1.000000 1.000000
9332.915039 0.000000 5323.067871 0.000000 0.516274 0.000000 0.856423 1.000000 1.000000 1.000000
9243.326172 0.000000 5345.685547 0.000000 0.933294 0.000000 0.359114 1.000000 1.000000 1.000000
9348.622070 0.000000 5328.191895 0.000000 0.695821 0.000000 0.718215 1.000000 1.000000 1.000000
9340.508789 0.000000 5320.645996 0.000000 0.579527 0.000000 0.814953 1.000000 1.000000 1.000000
9353.230469 0.000000 5323.066406 0.000000 0.892712 0.000000 0.450627 1.000000 1.000000 1.000000
9320.269531 0.000000 5324.645020 0.000000 0.946921 0.000000 0.321466 1.000000 1.000000 1.000000
9239.937500 0.000000 5362.393555 0.000000 0.579365 0.000000 0.815069 1.000000 1.000000 1.000000
9239.446289 0.000000 5352.583496 0.000000 0.826120 0.000000 0.563494 1.000000 1.000000 1.000000
9239.477539 0.000000 5338.721191 0.000000 0.988577 0.000000 0.150717 1.000000 1.000000 1.000000
9242.952148 0.000000 5348.799316 0.000000 0.966335 0.000000 0.257286 1.000000 1.000000 1.000000
9350.774414 0.000000 5320.460938 0.000000 0.766571 0.000000 0.642160 1.000000 1.000000 1.000000
9241.742188 0.000000 5343.484375 0.000000 0.914245 0.000000 0.405161 1.000000 1.000000 1.000000
9325.037109 0.000000 5326.565430 0.000000 0.989011 0.000000 0.147840 1.000000 1.000000 1.000000
9352.797852 0.000000 5317.447266 0.000000 0.932548 0.000000 0.361046 1.000000 1.000000 1.000000
9348.055664 0.000000 5323.914062 0.000000 0.804578 0.000000 0.593847 1.000000 1.000000 1.000000
9352.619141 0.000000 5326.865234 0.000000 0.501465 0.000000 0.865178 1.000000 1.000000 1.000000
9346.203125 0.000000 5328.638672 0.000000 0.244884 0.000000 0.969552 1.000000 1.000000 1.000000
9334.363281 0.000000 5321.125977 0.000000 0.399806 0.000000 0.916600 1.000000 1.000000 1.000000
9241.291016 0.000000 5353.973145 0.000000 0.293714 0.000000 0.955893 1.000000 1.000000 1.000000
9335.155273 0.000000 5323.949219 0.000000 0.345895 0.000000 0.938273 1.000000 1.000000 1.000000
9329.105469 0.000000 5324.275391 0.000000 0.618462 0.000000 0.785815 1.000000 1.000000 1.000000
9348.626953 0.000000 5326.015137 0.000000 0.447806 0.000000 0.894131 1.000000 1.000000 1.000000
9356.356445 0.000000 5327.458008 0.000000 0.932244 0.000000 0.361829 1.000000 1.000000 1.000000
9239.544922 0.000000 5360.367188 0.000000 0.204312 0.000000 0.978906 1.000000 1.000000 1.000000
9341.678711 0.000000 5318.961426 0.000000 0.999789 0.000000 0.020549 1.000000 1.000000 1.000000
9240.074219 0.000000 5342.372559 0.000000 0.320674 0.000000 0.947190 1.000000 1.000000 1.000000
9329.708008 0.000000 5326.949219 0.000000 0.035767 0.000000 0.999360 1.000000 1.000000 1.000000
9357.276367 0.000000 5317.727051 0.000000 0.999970 0.000000 0.007703 1.000000 1.000000 1.000000
9355.433594 0.000000 5320.933594 0.000000 0.992049 0.000000 0.125851 1.000000 1.000000 1.000000
9346.293945 0.000000 5322.855957 0.000000 0.573231 0.000000 0.819394 1.000000 1.000000 1.000000
9349.072266 0.000000 5319.485352 0.000000 0.508097 0.000000 0.861300 1.000000 1.000000 1.000000
9240.382812 0.000000 5350.878418 0.000000 0.826128 0.000000 0.563483 1.000000 1.000000 1.000000
9357.550781 0.000000 5324.155273 0.000000 0.936997 0.000000 0.349339 1.000000 1.000000 1.000000
9339.881836 0.000000 5325.467285 0.000000 0.967444 0.000000 0.253084 1.000000 1.000000 1.000000
9358.786133 0.000000 5321.397461 0.000000 0.728162 0.000000 0.685405 1.000000 1.000000 1.000000
9351.865234 0.000000 5319.049805 0.000000 0.747773 0.000000 0.663955 1.000000 1.000000 1.000000
9355.416016 0.000000 5329.899902 0.000000 0.738999 0.000000 0.673707 1.000000 1.000000 1.000000
9340.035156 0.000000 5319.046875 0.000000 0.998611 0.000000 0.052686 1.000000 1.000000 1.000000
9358.483398 0.000000 5318.817383 0.000000 0.975266 0.000000 0.221034 1.000000 1.000000 1.000000
9241.681641 0.000000 5349.775391 0.000000 0.149491 0.000000 0.988763 1.000000 1.000000 1.000000
9354.680664 0.000000 5323.842773 0.000000 0.284878 0.000000 0.958564 1.000000 1.000000 1.000000
9343.874023 0.000000 5321.471680 0.000000 0.998497 0.000000 0.054812 1.000000 1.000000 1.000000
9357.681641 0.000000 5322.589844 0.000000 0.774185 0.000000 0.632959 1.000000 1.000000 1.000000
9347.293945 0.000000 5327.215820 0.000000 0.409660 0.000000 0.912238 1.000000 1.000000 1.000000
9323.482422 0.000000 5326.152832 0.000000 0.368205 0.000000 0.929745 1.000000 1.000000 1.000000
9239.875000 0.000000 5340.312012 0.000000 0.620670 0.000000 0.784072 1.000000 1.000000 1.000000
9346.063477 0.000000 5317.301758 0.000000 0.997539 0.000000 0.070120 1.000000 1.000000 1.000000
9240.967773 0.000000 5352.342773 0.000000 0.493176 0.000000 0.869930 1.000000 1.000000 1.000000
9337.811523 0.000000 5322.811035 0.000000 0.999323 0.000000 0.036802 1.000000 1.000000 1.000000
9340.785156 0.000000 5322.114746 0.000000 0.051183 0.000000 0.998689 1.000000 1.000000 1.000000
9334.388672 0.000000 5322.578613 0.000000 0.845088 0.000000 0.534628 1.000000 1.000000 1.000000
9336.593750 0.000000 5323.642090 0.000000 0.501359 0.000000 0.865239 1.000000 1.000000 1.000000
9336.686523 0.000000 5320.690430 0.000000 0.747936 0.000000 0.663771 1.000000 1.000000 1.000000
9349.514648 0.000000 5324.136230 0.000000 0.999986 0.000000 0.005242 1.000000 1.000000 1.000000
9348.595703 0.000000 5322.581055 0.000000 0.873887 0.000000 0.486129 1.000000 1.000000 1.000000
9356.758789 0.000000 5321.468750 0.000000 0.611632 0.000000 0.791143 1.000000 1.000000 1.000000
9346.913086 0.000000 5324.710449 0.000000 0.881053 0.000000 0.473018 1.000000 1.000000 1.000000
9351.458984 0.000000 5317.170410 0.000000 0.810402 0.000000 0.585874 1.000000 1.000000 1.000000
9347.694336 0.000000 5319.029785 0.000000 0.515314 0.000000 0.857002 1.000000 1.000000 1.000000
9329.481445 0.000000 5325.567871 0.000000 0.618365 0.000000 0.785891 1.000000 1.000000 1.000000
9339.296875 0.000000 5321.203613 0.000000 0.990936 0.000000 0.134332 1.000000 1.000000 1.000000
9241.685547 0.000000 5348.351562 0.000000 0.696384 0.000000 0.717669 1.000000 1.000000 1.000000
9356.278320 0.000000 5324.067871 0.000000 0.863552 0.000000 0.504259 1.000000 1.000000 1.000000
9347.936523 0.000000 5316.269043 0.000000 0.675307 0.000000 0.737537 1.000000 1.000000 1.000000
9335.507812 0.000000 5322.843262 0.000000 0.334560 0.000000 0.942375 1.000000 1.000000 1.000000
9240.640625 0.000000 5346.156250 0.000000 0.198107 0.000000 0.980180 1.000000 1.000000 1.000000
9348.986328 0.000000 5318.307617 0.000000 0.971813 0.000000 0.235754 1.000000 1.000000 1.000000
9323.814453 0.000000 5327.228027 0.000000 0.800875 0.000000 0.598831 1.000000 1.000000 1.000000
9348.001953 0.000000 5320.155762 0.000000 0.886364 0.000000 0.462989 1.000000 1.000000 1.000000
9240.922852 0.000000 5355.985840 0.000000 0.142504 0.000000 0.989794 1.000000 1.000000 1.000000
9223.118164 0.000000 5367.976562 0.000000 0.984114 0.000000 0.177538 1.000000 1.000000 1.000000
9225.872070 0.000000 5372.258789 0.000000 0.762972 0.000000 0.646432 1.000000 1.000000 1.000000
9227.833008 0.000000 5367.641113 0.000000 0.929971 0.000000 0.367632 1.000000 1.000000 1.000000
9234.396484 0.000000 5367.643555 0.000000 0.987298 0.000000 0.158882 1.000000 1.000000 1.000000
9222.733398 0.000000 5371.236328 0.000000 0.996517 0.000000 0.083394 1.000000 1.000000 1.000000
9232.199219 0.000000 5373.227539 0.000000 0.798251 0.000000 0.602326 1.000000 1.000000 1.000000
9230.574219 0.000000 5367.802734 0.000000 0.623636 0.000000 0.781715 1.000000 1.000000 1.000000
9220.414062 0.000000 5370.697266 0.000000 0.346972 0.000000 0.937875 1.000000 1.000000 1.000000
9232.510742 0.000000 5368.216309 0.000000 0.891425 0.000000 0.453169 1.000000 1.000000 1.000000
9223.812500 0.000000 5369.708008 0.000000 0.712653 0.000000 0.701516 1.000000 1.000000 1.000000
9233.018555 0.000000 5371.562500 0.000000 0.940102 0.000000 0.340894 1.000000 1.000000 1.000000
9231.090820 0.000000 5371.844727 0.000000 0.895031 0.000000 0.446003 1.000000 1.000000 1.000000
9224.340820 0.000000 5371.634277 0.000000 0.841392 0.000000 0.540425 1.000000 1.000000 1.000000
9219.422852 0.000000 5367.579102 0.000000 0.858752 0.000000 0.512391 1.000000 1.000000 1.000000
9232.734375 0.000000 5369.433594 0.000000 0.994761 0.000000 0.102231 1.000000 1.000000 1.000000
9223.946289 0.000000 5368.645020 0.000000 0.219388 0.000000 0.975638 1.000000 1.000000 1.000000
9233.351562 0.000000 5367.556152 0.000000 0.192262 0.000000 0.981344 1.000000 1.000000 1.000000
9221.027344 0.000000 5369.852051 0.000000 0.699929 0.000000 0.714212 1.000000 1.000000 1.000000
9387.053711 0.000000 5335.275391 0.000000 0.993830 0.000000 0.110915 1.000000 1.000000 1.000000
9377.048828 0.000000 5328.992676 0.000000 0.835580 0.000000 0.549368 1.000000 1.000000 1.000000
9454.406250 0.000000 5351.205078 0.000000 0.997515 0.000000 0.070457 1.000000 1.000000 1.000000
9383.333984 0.000000 5308.972168 0.000000 0.544633 0.000000 0.838674 1.000000 1.000000 1.000000
9401.379883 0.000000 5310.987793 0.000000 0.928967 0.000000 0.370163 1.000000 1.000000 1.000000
9367.486328 0.000000 5314.102051 0.000000 0.492064 0.000000 0.870559 1.000000 1.000000 1.000000
9453.653320 0.000000 5343.054199 0.000000 0.934517 0.000000 0.355919 1.000000 1.000000 1.000000
9372.064453 0.000000 5322.756348 0.000000 0.038708 0.000000 0.999251 1.000000 1.000000 1.000000
9385.535156 0.000000 5316.310547 0.000000 0.532053 0.000000 0.846711 1.000000 1.000000 1.000000
9393.668945 0.000000 5327.828125 0.000000 0.971027 0.000000 0.238970 1.000000 1.000000 1.000000
9380.024414 0.000000 5335.937500 0.000000 0.134003 0.000000 0.990981 1.000000 1.000000 1.000000
9434.385742 0.000000 5331.903320 0.000000 0.463607 0.000000 0.886041 1.000000 1.000000 1.000000
9379.162109 0.000000 5304.875977 0.000000 0.561320 0.000000 0.827599 1.000000 1.000000 1.000000
9431.527344 0.000000 5341.461914 0.000000 0.496341 0.000000 0.868128 1.000000 1.000000 1.000000
9455.108398 0.000000 5356.981445 0.000000 0.213962 0.000000 0.976842 1.000000 1.000000 1.000000
9368.092773 0.000000 5326.367188 0.000000 0.743540 0.000000 0.668691 1.000000 1.000000 1.000000
9431.071289 0.000000 5335.620117 0.000000 0.758502 0.000000 0.651671 1.000000 1.000000 1.000000
9372.250977 0.000000 5329.193848 0.000000 0.659010 0.000000 0.752135 1.000000 1.000000 1.000000
9388.208008 0.000000 5320.039551 0.000000 0.972398 0.000000 0.233328 1.000000 1.000000 1.000000
9363.282227 0.000000 5312.395508 0.000000 0.076056 0.000000 0.997104 1.000000 1.000000 1.000000
9427.880859 0.000000 5339.863770 0.000000 0.221422 0.000000 0.975178 1.000000 1.000000 1.000000
9365.000000 0.000000 5317.172852 0.000000 0.993442 0.000000 0.114340 1.000000 1.000000 1.000000
9360.595703 0.000000 5321.044434 0.000000 0.065397 0.000000 0.997859 1.000000 1.000000 1.000000
9374.326172 0.000000 5311.455078 0.000000 0.909284 0.000000 0.416177 1.000000 1.000000 1.000000
9435.066406 0.000000 5347.565918 0.000000 0.481888 0.000000 0.876233 1.000000 1.000000 1.000000
9378.637695 0.000000 5321.170898 0.000000 0.905685 0.000000 0.423952 1.000000 1.000000 1.000000
9429.586914 0.000000 5344.166504 0.000000 0.906305 0.000000 0.422624 1.000000 1.000000 1.000000
9434.719727 0.000000 5335.227539 0.000000 0.402706 0.000000 0.915329 1.000000 1.000000 1.000000
9442.250977 0.000000 5345.298828 0.000000 0.537417 0.000000 0.843316 1.000000 1.000000 1.000000
9372.948242 0.000000 5325.885254 0.000000 0.736375 0.000000 0.676573 1.000000 1.000000 1.000000
9392.257812 0.000000 5330.815430 0.000000 0.982634 0.000000 0.185554 1.000000 1.000000 1.000000
9402.702148 0.000000 5314.222168 0.000000 0.514202 0.000000 0.857669 1.000000 1.000000 1.000000
9376.447266 0.000000 5314.994629 0.000000 0.651495 0.000000 0.758653 1.000000 1.000000 1.000000
9376.702148 0.000000 5307.085938 0.000000 0.631152 0.000000 0.775659 1.000000 1.000000 1.000000
9367.100586 0.000000 5322.047363 0.000000 0.624495 0.000000 0.781029 1.000000 1.000000 1.000000
9473.333008 0.000000 5364.586426 0.000000 0.612350 0.000000 0.790587 1.000000 1.000000 1.000000
9398.493164 0.000000 5309.864746 0.000000 0.866892 0.000000 0.498495 1.000000 1.000000 1.000000
9437.957031 0.000000 5340.698730 0.000000 0.894034 0.000000 0.448000 1.000000 1.000000 1.000000
9371.310547 0.000000 5319.683594 0.000000 0.245250 0.000000 0.969460 1.000000 1.000000 1.000000
9374.737305 0.000000 5330.903809 0.000000 0.705210 0.000000 0.708999 1.000000 1.000000 1.000000
9376.811523 0.000000 5333.430176 0.000000 0.846002 0.000000 0.533180 1.000000 1.000000 1.000000
9399.053711 0.000000 5312.842285 0.000000 0.932124 0.000000 0.362140 1.000000 1.000000 1.000000
9385.279297 0.000000 5320.329590 0.000000 0.636629 0.000000 0.771170 1.000000 1.000000 1.000000
9379.288086 0.000000 5314.270996 0.000000 0.630410 0.000000 0.776263 1.000000 1.000000 1.000000
9393.229492 0.000000 5325.020508 0.000000 0.966185 0.000000 0.257851 1.000000 1.000000 1.000000
9428.428711 0.000000 5334.975586 0.000000 0.917704 0.000000 0.397265 1.000000 1.000000 1.000000
9385.714844 0.000000 5306.830566 0.000000 0.700590 0.000000 0.713564 1.000000 1.000000 1.000000
9359.480469 0.000000 5318.520020 0.000000 0.862193 0.000000 0.506580 1.000000 1.000000 1.000000
9380.431641 0.000000 5311.191406 0.000000 0.995984 0.000000 0.089532 1.000000 1.000000 1.000000
9389.556641 0.000000 5336.166992 0.000000 0.860952 0.000000 0.508687 1.000000 1.000000 1.000000
9402.340820 0.000000 5316.830566 0.000000 0.824462 0.000000 0.565918 1.000000 1.000000 1.000000
9375.322266 0.000000 5326.977539 0.000000 0.603815 0.000000 0.797125 1.000000 1.000000 1.000000
9458.199219 0.000000 5351.953125 0.000000 0.842140 0.000000 0.539259 1.000000 1.000000 1.000000
9384.584961 0.000000 5313.906250 0.000000 0.700469 0.000000 0.713683 1.000000 1.000000 1.000000
9376.196289 0.000000 5309.691406 0.000000 0.911415 0.000000 0.411488 1.000000 1.000000 1.000000
9388.500000 0.000000 5309.934082 0.000000 0.701504 0.000000 0.712665 1.000000 1.000000 1.000000
9383.837891 0.000000 5311.375977 0.000000 0.509601 0.000000 0.860411 1.000000 1.000000 1.000000
9365.671875 0.000000 5319.984863 0.000000 0.539870 0.000000 0.841748 1.000000 1.000000 1.000000
9385.822266 0.000000 5309.351074 0.000000 0.550210 0.000000 0.835027 1.000000 1.000000 1.000000
9446.828125 0.000000 5342.027344 0.000000 0.097522 0.000000 0.995233 1.000000 1.000000 1.000000
9390.814453 0.000000 5328.787598 0.000000 0.637270 0.000000 0.770641 1.000000 1.000000 1.000000
9370.553711 0.000000 5326.644531 0.000000 0.009099 0.000000 0.999959 1.000000 1.000000 1.000000
9381.903320 0.000000 5332.079590 0.000000 0.969543 0.000000 0.244920 1.000000 1.000000 1.000000
9385.330078 0.000000 5336.955078 0.000000 0.988858 0.000000 0.148863 1.000000 1.000000 1.000000
9380.964844 0.000000 5321.571777 0.000000 0.548010 0.000000 0.836472 1.000000 1.000000 1.000000
9380.963867 0.000000 5306.614746 0.000000 0.841081 0.000000 0.540909 1.000000 1.000000 1.000000
9428.760742 0.000000 5342.011719 0.000000 0.929966 0.000000 0.367645 1.000000 1.000000 1.000000
9437.002930 0.000000 5346.218750 0.000000 0.641512 0.000000 0.767113 1.000000 1.000000 1.000000
9375.224609 0.000000 5316.928711 0.000000 0.898357 0.000000 0.439266 1.000000 1.000000 1.000000
9450.888672 0.000000 5350.371094 0.000000 0.467738 0.000000 0.883867 1.000000 1.000000 1.000000
9406.336914 0.000000 5315.130371 0.000000 0.548412 0.000000 0.836208 1.000000 1.000000 1.000000
9381.192383 0.000000 5326.098633 0.000000 0.971766 0.000000 0.235947 1.000000 1.000000 1.000000
9425.882812 0.000000 5341.070312 0.000000 0.233079 0.000000 0.972458 1.000000 1.000000 1.000000
9392.307617 0.000000 5316.596191 0.000000 0.532744 0.000000 0.846277 1.000000 1.000000 1.000000
9391.076172 0.000000 5324.345703 0.000000 0.908159 0.000000 0.418626 1.000000 1.000000 1.000000
9437.779297 0.000000 5342.869629 0.000000 0.778804 0.000000 0.627267 1.000000 1.000000 1.000000
9390.279297 0.000000 5331.800781 0.000000 0.710840 0.000000 0.703353 1.000000 1.000000 1.000000
9444.722656 0.000000 5346.269531 0.000000 0.998611 0.000000 0.052697 1.000000 1.000000 1.000000
9383.285156 0.000000 5315.713379 0.000000 0.962061 0.000000 0.272835 1.000000 1.000000 1.000000
9426.086914 0.000000 5338.674316 0.000000 0.697000 0.000000 0.717071 1.000000 1.000000 1.000000
9377.414062 0.000000 5331.174316 0.000000 0.997852 0.000000 0.065513 1.000000 1.000000 1.000000
9374.696289 0.000000 5313.595703 0.000000 0.425624 0.000000 0.904900 1.000000 1.000000 1.000000
9438.799805 0.000000 5338.620605 0.000000 0.965321 0.000000 0.261066 1.000000 1.000000 1.000000
9452.217773 0.000000 5356.242188 0.000000 0.573152 0.000000 0.819449 1.000000 1.000000 1.000000
9380.903320 0.000000 5333.975098 0.000000 0.658972 0.000000 0.752167 1.000000 1.000000 1.000000
9432.966797 0.000000 5334.171387 0.000000 0.970015 0.000000 0.243044 1.000000 1.000000 1.000000
9363.008789 0.000000 5317.767090 0.000000 0.719016 0.000000 0.694994 1.000000 1.000000 1.000000
9453.595703 0.000000 5345.380859 0.000000 0.908237 0.000000 0.418457 1.000000 1.000000 1.000000
9374.500977 0.000000 5328.869141 0.000000 0.544733 0.000000 0.838610 1.000000 1.000000 1.000000
9474.144531 0.000000 5366.520996 0.000000 0.956935 0.000000 0.290302 1.000000 1.000000 1.000000
9389.644531 0.000000 5318.409668 0.000000 0.123951 0.000000 0.992288 1.000000 1.000000 1.000000
9439.956055 0.000000 5340.528809 0.000000 0.577254 0.000000 0.816565 1.000000 1.000000 1.000000
9388.870117 0.000000 5324.852051 0.000000 0.836426 0.000000 0.548079 1.000000 1.000000 1.000000
9371.121094 0.000000 5324.680664 0.000000 0.349983 0.000000 0.936756 1.000000 1.000000 1.000000
9365.822266 0.000000 5315.151367 0.000000 0.263545 0.000000 0.964647 1.000000 1.000000 1.000000
9385.350586 0.000000 5334.141602 0.000000 0.997138 0.000000 0.075602 1.000000 1.000000 1.000000
9378.125977 0.000000 5309.847656 0.000000 0.616199 0.000000 0.787590 1.000000 1.000000 1.000000
9456.182617 0.000000 5352.061523 0.000000 0.420982 0.000000 0.907069 1.000000 1.000000 1.000000
9400.721680 0.000000 5314.021973 0.000000 0.735349 0.000000 0.677688 1.000000 1.000000 1.000000
9381.421875 0.000000 5309.526855 0.000000 0.288050 0.000000 0.957615 1.000000 1.000000 1.000000
9370.013672 0.000000 5318.245117 0.000000 0.760643 0.000000 0.649171 1.000000 1.000000 1.000000
9436.743164 0.000000 5335.501465 0.000000 0.943234 0.000000 0.332129 1.000000 1.000000 1.000000
9395.569336 0.000000 5327.219727 0.000000 0.753619 0.000000 0.657312 1.000000 1.000000 1.000000
9392.029297 0.000000 5326.504395 0.000000 0.777247 0.000000 0.629196 1.000000 1.000000 1.000000
9378.601562 0.000000 5306.909180 0.000000 0.597801 0.000000 0.801644 1.000000 1.000000 1.000000
9434.658203 0.000000 5337.117188 0.000000 0.642823 0.000000 0.766015 1.000000 1.000000 1.000000
9381.843750 0.000000 5335.574707 0.000000 0.315832 0.000000 0.948815 1.000000 1.000000 1.000000
9447.973633 0.000000 5348.881348 0.000000 0.408345 0.000000 0.912828 1.000000 1.000000 1.000000
9463.059570 0.000000 5346.879883 0.000000 0.508869 0.000000 0.860844 1.000000 1.000000 1.000000
9397.778320 0.000000 5325.953613 0.000000 0.896911 0.000000 0.442211 1.000000 1.000000 1.000000
9397.034180 0.000000 5323.674805 0.000000 0.270963 0.000000 0.962590 1.000000 1.000000 1.000000
9468.101562 0.000000 5361.831543 0.000000 0.698027 0.000000 0.716071 1.000000 1.000000 1.000000
9393.774414 0.000000 5331.851562 0.000000 0.815587 0.000000 0.578635 1.000000 1.000000 1.000000
9469.030273 0.000000 5360.269531 0.000000 0.307945 0.000000 0.951404 1.000000 1.000000 1.000000
9375.258789 0.000000 5308.163574 0.000000 0.358691 0.000000 0.933456 1.000000 1.000000 1.000000
9447.841797 0.000000 5343.476562 0.000000 0.532351 0.000000 0.846524 1.000000 1.000000 1.000000
9475.068359 0.000000 5364.468750 0.000000 0.428829 0.000000 0.903385 1.000000 1.000000 1.000000
9429.434570 0.000000 5336.398926 0.000000 0.989664 0.000000 0.143404 1.000000 1.000000 1.000000
9373.123047 0.000000 5327.631836 0.000000 0.372731 0.000000 0.927939 1.000000 1.000000 1.000000
9378.548828 0.000000 5328.009766 0.000000 0.688409 0.000000 0.725322 1.000000 1.000000 1.000000
9382.736328 0.000000 5321.368652 0.000000 0.941638 0.000000 0.336627 1.000000 1.000000 1.000000
9456.987305 0.000000 5350.531250 0.000000 0.987395 0.000000 0.158274 1.000000 1.000000 1.000000
9392.687500 0.000000 5329.199707 0.000000 0.247643 0.000000 0.968851 1.000000 1.000000 1.000000
9436.166992 0.000000 5342.166016 0.000000 0.025668 0.000000 0.999671 1.000000 1.000000 1.000000
9388.647461 0.000000 5334.723633 0.000000 0.230460 0.000000 0.973082 1.000000 1.000000 1.000000
9391.613281 0.000000 5314.985840 0.000000 0.556505 0.000000 0.830844 1.000000 1.000000 1.000000
9399.591797 0.000000 5311.177246 0.000000 0.733961 0.000000 0.679192 1.000000 1.000000 1.000000
9381.172852 0.000000 5314.708984 0.000000 0.641920 0.000000 0.766772 1.000000 1.000000 1.000000
9381.500000 0.000000 5318.140137 0.000000 0.857515 0.000000 0.514459 1.000000 1.000000 1.000000
9379.416992 0.000000 5312.540527 0.000000 0.912394 0.000000 0.409314 1.000000 1.000000 1.000000
9382.151367 0.000000 5322.961426 0.000000 0.971586 0.000000 0.236689 1.000000 1.000000 1.000000
9448.261719 0.000000 5346.677246 0.000000 0.372069 0.000000 0.928205 1.000000 1.000000 1.000000
9377.806641 0.000000 5308.301270 0.000000 0.189580 0.000000 0.981865 1.000000 1.000000 1.000000
9395.193359 0.000000 5321.387207 0.000000 0.586401 0.000000 0.810021 1.000000 1.000000 1.000000
9441.986328 0.000000 5341.769531 0.000000 0.250005 0.000000 0.968245 1.000000 1.000000 1.000000
9427.719727 0.000000 5343.201172 0.000000 0.473416 0.000000 0.880839 1.000000 1.000000 1.000000
9385.011719 0.000000 5312.415527 0.000000 0.744628 0.000000 0.667480 1.000000 1.000000 1.000000
9359.864258 0.000000 5317.008789 0.000000 0.440862 0.000000 0.897575 1.000000 1.000000 1.000000
9454.728516 0.000000 5344.172363 0.000000 0.911123 0.000000 0.412134 1.000000 1.000000 1.000000
9426.848633 0.000000 5335.066895 0.000000 0.998513 0.000000 0.054508 1.000000 1.000000 1.000000
9445.390625 0.000000 5341.208496 0.000000 0.144406 0.000000 0.989519 1.000000 1.000000 1.000000
9439.223633 0.000000 5343.433105 0.000000 0.997206 0.000000 0.074704 1.000000 1.000000 1.000000
9372.669922 0.000000 5318.884766 0.000000 0.984466 0.000000 0.175577 1.000000 1.000000 1.000000
9427.267578 0.000000 5341.733887 0.000000 0.431662 0.000000 0.902036 1.000000 1.000000 1.000000
9386.673828 0.000000 5313.238770 0.000000 0.625296 0.000000 0.780388 1.000000 1.000000 1.000000
9387.147461 0.000000 5315.925293 0.000000 0.651038 0.000000 0.759045 1.000000 1.000000 1.000000
9385.215820 0.000000 5310.703613 0.000000 0.418442 0.000000 0.908244 1.000000 1.000000 1.000000
9400.466797 0.000000 5312.435059 0.000000 0.143546 0.000000 0.989644 1.000000 1.000000 1.000000
9378.095703 0.000000 5332.658203 0.000000 0.875330 0.000000 0.483526 1.000000 1.000000 1.000000
9362.831055 0.000000 5316.269043 0.000000 0.969601 0.000000 0.244690 1.000000 1.000000 1.000000
9382.531250 0.000000 5317.142090 0.000000 0.798138 0.000000 0.602474 1.000000 1.000000 1.000000
9390.674805 0.000000 5322.588867 0.000000 0.986686 0.000000 0.162638 1.000000 1.000000 1.000000
9428.689453 0.000000 5338.673828 0.000000 0.648615 0.000000 0.761116 1.000000 1.000000 1.000000
9449.595703 0.000000 5349.644043 0.000000 0.971491 0.000000 0.237076 1.000000 1.000000 1.000000
9380.541992 0.000000 5313.420898 0.000000 0.408038 0.000000 0.912965 1.000000 1.000000 1.000000
9391.996094 0.000000 5327.974121 0.000000 0.733249 0.000000 0.679961 1.000000 1.000000 1.000000
9405.343750 0.000000 5314.146484 0.000000 0.949581 0.000000 0.313523 1.000000 1.000000 1.000000
9381.128906 0.000000 5320.145996 0.000000 0.060224 0.000000 0.998185 1.000000 1.000000 1.000000
9360.004883 0.000000 5319.778809 0.000000 0.567961 0.000000 0.823056 1.000000 1.000000 1.000000
9375.762695 0.000000 5328.287109 0.000000 0.785142 0.000000 0.619316 1.000000 1.000000 1.000000
9403.080078 0.000000 5315.542969 0.000000 0.620881 0.000000 0.783905 1.000000 1.000000 1.000000
9455.649414 0.000000 5350.603516 0.000000 0.333840 0.000000 0.942630 1.000000 1.000000 1.000000
9375.961914 0.000000 5331.545898 0.000000 0.741490 0.000000 0.670963 1.000000 1.000000 1.000000
9440.182617 0.000000 5339.187012 0.000000 0.491201 0.000000 0.871046 1.000000 1.000000 1.000000
9384.617188 0.000000 5315.254883 0.000000 0.106427 0.000000 0.994321 1.000000 1.000000 1.000000
9435.592773 0.000000 5346.240723 0.000000 0.638842 0.000000 0.769338 1.000000 1.000000 1.000000
9458.775391 0.000000 5346.279785 0.000000 0.993611 0.000000 0.112862 1.000000 1.000000 1.000000
9472.908203 0.000000 5365.839844 0.000000 0.992153 0.000000 0.125028 1.000000 1.000000 1.000000
9373.923828 0.000000 5317.758789 0.000000 0.189132 0.000000 0.981952 1.000000 1.000000 1.000000
9380.657227 0.000000 5332.709473 0.000000 0.322101 0.000000 0.946705 1.000000 1.000000 1.000000
9385.698242 0.000000 5335.723633 0.000000 0.445574 0.000000 0.895245 1.000000 1.000000 1.000000
9380.096680 0.000000 5315.458496 0.000000 0.790640 0.000000 0.612282 1.000000 1.000000 1.000000
9368.252930 0.000000 5325.031250 0.000000 0.997407 0.000000 0.071965 1.000000 1.000000 1.000000
9391.351562 0.000000 5321.455078 0.000000 0.563553 0.000000 0.826080 1.000000 1.000000 1.000000
9427.620117 0.000000 5336.165527 0.000000 0.576356 0.000000 0.817199 1.000000 1.000000 1.000000
9461.776367 0.000000 5346.398438 0.000000 0.994530 0.000000 0.104450 1.000000 1.000000 1.000000
9443.066406 0.000000 5340.912598 0.000000 0.721450 0.000000 0.692466 1.000000 1.000000 1.000000
9389.903320 0.000000 5334.542969 0.000000 0.157212 0.000000 0.987565 1.000000 1.000000 1.000000
9454.927734 0.000000 5345.591797 0.000000 0.455802 0.000000 0.890081 1.000000 1.000000 1.000000
9427.342773 0.000000 5338.485352 0.000000 0.790554 0.000000 0.612392 1.000000 1.000000 1.000000
9381.467773 0.000000 5324.887695 0.000000 0.371775 0.000000 0.928323 1.000000 1.000000 1.000000
9463.056641 0.000000 5348.114746 0.000000 0.544398 0.000000 0.838827 1.000000 1.000000 1.000000
9370.747070 0.000000 5329.448242 0.000000 0.863782 0.000000 0.503866 1.000000 1.000000 1.000000
9395.848633 0.000000 5324.090820 0.000000 0.976264 0.000000 0.216582 1.000000 1.000000 1.000000
9388.114258 0.000000 5335.866211 0.000000 0.984140 0.000000 0.177392 1.000000 1.000000 1.000000
9445.741211 0.000000 5345.559082 0.000000 0.999961 0.000000 0.008871 1.000000 1.000000 1.000000
9428.919922 0.000000 5333.449707 0.000000 0.433940 0.000000 0.900942 1.000000 1.000000 1.000000
9438.917969 0.000000 5339.937012 0.000000 0.998955 0.000000 0.045703 1.000000 1.000000 1.000000
9458.108398 0.000000 5347.985352 0.000000 0.951086 0.000000 0.308926 1.000000 1.000000 1.000000
9376.590820 0.000000 5308.596191 0.000000 0.018302 0.000000 0.999833 1.000000 1.000000 1.000000
9363.849609 0.000000 5316.902344 0.000000 0.920606 0.000000 0.390492 1.000000 1.000000 1.000000
9391.426758 0.000000 5331.590332 0.000000 0.806533 0.000000 0.591190 1.000000 1.000000 1.000000
9391.924805 0.000000 5323.576660 0.000000 0.993115 0.000000 0.117145 1.000000 1.000000 1.000000
9393.158203 0.000000 5326.682617 0.000000 0.871776 0.000000 0.489904 1.000000 1.000000 1.000000
9444.664062 0.000000 5344.884766 0.000000 0.958314 0.000000 0.285716 1.000000 1.000000 1.000000
9366.104492 0.000000 5324.580566 0.000000 0.987598 0.000000 0.157004 1.000000 1.000000 1.000000
9375.730469 0.000000 5315.907715 0.000000 0.999236 0.000000 0.039080 1.000000 1.000000 1.000000
9458.337891 0.000000 5350.524414 0.000000 0.690240 0.000000 0.723581 1.000000 1.000000 1.000000
9372.440430 0.000000 5321.685059 0.000000 0.663728 0.000000 0.747974 1.000000 1.000000 1.000000
9460.437500 0.000000 5351.501465 0.000000 0.956676 0.000000 0.291154 1.000000 1.000000 1.000000
9443.164062 0.000000 5343.076172 0.000000 0.251621 0.000000 0.967826 1.000000 1.000000 1.000000
9428.897461 0.000000 5343.218750 0.000000 0.205590 0.000000 0.978638 1.000000 1.000000 1.000000
9434.035156 0.000000 5336.221680 0.000000 0.258415 0.000000 0.966034 1.000000 1.000000 1.000000
9391.253906 0.000000 5316.180176 0.000000 0.766274 0.000000 0.642514 1.000000 1.000000 1.000000
9361.983398 0.000000 5317.357422 0.000000 0.386583 0.000000 0.922255 1.000000 1.000000 1.000000
9398.698242 0.000000 5311.789551 0.000000 0.942709 0.000000 0.333615 1.000000 1.000000 1.000000
9375.086914 0.000000 5329.893066 0.000000 0.692464 0.000000 0.721453 1.000000 1.000000 1.000000
9393.791992 0.000000 5329.127441 0.000000 0.004003 0.000000 0.999992 1.000000 1.000000 1.000000
9373.351562 0.000000 5319.689453 0.000000 0.918269 0.000000 0.395957 1.000000 1.000000 1.000000
9390.463867 0.000000 5319.189941 0.000000 0.955696 0.000000 0.294357 1.000000 1.000000 1.000000
9394.928711 0.000000 5325.390625 0.000000 0.999626 0.000000 0.027331 1.000000 1.000000 1.000000
9457.203125 0.000000 5351.597656 0.000000 0.186140 0.000000 0.982523 1.000000 1.000000 1.000000
9383.671875 0.000000 5321.757324 0.000000 0.969780 0.000000 0.243979 1.000000 1.000000 1.000000
9488.441406 0.000000 5366.440430 0.000000 0.929181 0.000000 0.369624 1.000000 1.000000 1.000000
9486.180664 0.000000 5367.105469 0.000000 0.033989 0.000000 0.999422 1.000000 1.000000 1.000000
9474.380859 0.000000 5367.643555 0.000000 0.720439 0.000000 0.693518 1.000000 1.000000 1.000000
9476.218750 0.000000 5368.291504 0.000000 0.976020 0.000000 0.217683 1.000000 1.000000 1.000000
9511.751953 0.000000 5380.216797 0.000000 0.474131 0.000000 0.880454 1.000000 1.000000 1.000000
9521.269531 0.000000 5411.146973 0.000000 0.281441 0.000000 0.959579 1.000000 1.000000 1.000000
9533.347656 0.000000 5416.450195 0.000000 0.925488 0.000000 0.378777 1.000000 1.000000 1.000000
9513.257812 0.000000 5385.528320 0.000000 0.689934 0.000000 0.723872 1.000000 1.000000 1.000000
9525.576172 0.000000 5414.318848 0.000000 0.999770 0.000000 0.021434 1.000000 1.000000 1.000000
9531.708984 0.000000 5405.845703 0.000000 0.736344 0.000000 0.676608 1.000000 1.000000 1.000000
9479.512695 0.000000 5369.420898 0.000000 0.999221 0.000000 0.039474 1.000000 1.000000 1.000000
9524.330078 0.000000 5421.578125 0.000000 0.019160 0.000000 0.999816 1.000000 1.000000 1.000000
9537.150391 0.000000 5418.005371 0.000000 0.705805 0.000000 0.708406 1.000000 1.000000 1.000000
9529.561523 0.000000 5415.278809 0.000000 0.511197 0.000000 0.859463 1.000000 1.000000 1.000000
9487.773438 0.000000 5368.089355 0.000000 0.555386 0.000000 0.831593 1.000000 1.000000 1.000000
9528.590820 0.000000 5403.585449 0.000000 0.868690 0.000000 0.495356 1.000000 1.000000 1.000000
9509.157227 0.000000 5391.670898 0.000000 0.310413 0.000000 0.950602 1.000000 1.000000 1.000000
9515.502930 0.000000 5392.410645 0.000000 0.794997 0.000000 0.606614 1.000000 1.000000 1.000000
9525.043945 0.000000 5418.448242 0.000000 0.776471 0.000000 0.630153 1.000000 1.000000 1.000000
9502.267578 0.000000 5376.603027 0.000000 0.703748 0.000000 0.710450 1.000000 1.000000 1.000000
9527.540039 0.000000 5412.112305 0.000000 0.727728 0.000000 0.685866 1.000000 1.000000 1.000000
9491.798828 0.000000 5370.872559 0.000000 0.823086 0.000000 0.567916 1.000000 1.000000 1.000000
9530.974609 0.000000 5408.548340 0.000000 0.222306 0.000000 0.974977 1.000000 1.000000 1.000000
9530.100586 0.000000 5417.830566 0.000000 0.710869 0.000000 0.703325 1.000000 1.000000 1.000000
9504.854492 0.000000 5381.556152 0.000000 0.485060 0.000000 0.874481 1.000000 1.000000 1.000000
9528.405273 0.000000 5409.794922 0.000000 0.878665 0.000000 0.477438 1.000000 1.000000 1.000000
9506.474609 0.000000 5384.118164 0.000000 0.654593 0.000000 0.755982 1.000000 1.000000 1.000000
9530.103516 0.000000 5421.602051 0.000000 0.022226 0.000000 0.999753 1.000000 1.000000 1.000000
9504.693359 0.000000 5377.194824 0.000000 0.357057 0.000000 0.934082 1.000000 1.000000 1.000000
9498.924805 0.000000 5374.910156 0.000000 0.259111 0.000000 0.965847 1.000000 1.000000 1.000000
9526.402344 0.000000 5420.851074 0.000000 0.370647 0.000000 0.928774 1.000000 1.000000 1.000000
9524.618164 0.000000 5416.241211 0.000000 0.906024 0.000000 0.423225 1.000000 1.000000 1.000000
9512.335938 0.000000 5390.405762 0.000000 0.745153 0.000000 0.666894 1.000000 1.000000 1.000000
9529.708008 0.000000 5405.442871 0.000000 0.866422 0.000000 0.499312 1.000000 1.000000 1.000000
9533.333008 0.000000 5420.953613 0.000000 0.411426 0.000000 0.911443 1.000000 1.000000 1.000000
9496.206055 0.000000 5373.945801 0.000000 0.882363 0.000000 0.470569 1.000000 1.000000 1.000000
9523.764648 0.000000 5413.772949 0.000000 0.658250 0.000000 0.752799 1.000000 1.000000 1.000000
9513.942383 0.000000 5391.383789 0.000000 0.242410 0.000000 0.970174 1.000000 1.000000 1.000000
9529.500000 0.000000 5423.551270 0.000000 0.909598 0.000000 0.415489 1.000000 1.000000 1.000000
9526.161133 0.000000 5422.684570 0.000000 0.849270 0.000000 0.527959 1.000000 1.000000 1.000000
9529.742188 0.000000 5419.700684 0.000000 0.962156 0.000000 0.272498 1.000000 1.000000 1.000000
9506.216797 0.000000 5380.427734 0.000000 0.972057 0.000000 0.234745 1.000000 1.000000 1.000000
9495.507812 0.000000 5372.392578 0.000000 0.829690 0.000000 0.558225 1.000000 1.000000 1.000000
9522.355469 0.000000 5412.384277 0.000000 0.653294 0.000000 0.757104 1.000000 1.000000 1.000000
9533.590820 0.000000 5418.001953 0.000000 0.214740 0.000000 0.976671 1.000000 1.000000 1.000000
9528.802734 0.000000 5411.226562 0.000000 0.950178 0.000000 0.311708 1.000000 1.000000 1.000000
9526.035156 0.000000 5415.750977 0.000000 0.765584 0.000000 0.643336 1.000000 1.000000 1.000000
9535.355469 0.000000 5420.583008 0.000000 0.388866 0.000000 0.921294 1.000000 1.000000 1.000000
9494.057617 0.000000 5372.007324 0.000000 0.540571 0.000000 0.841298 1.000000 1.000000 1.000000
9487.079102 0.000000 5369.500000 0.000000 0.107625 0.000000 0.994192 1.000000 1.000000 1.000000
9497.523438 0.000000 5374.490723 0.000000 0.549625 0.000000 0.835412 1.000000 1.000000 1.000000
9525.707031 0.000000 5417.249023 0.000000 0.452696 0.000000 0.891665 1.000000 1.000000 1.000000
9486.492188 0.000000 5367.540039 0.000000 0.267272 0.000000 0.963621 1.000000 1.000000 1.000000
9533.042969 0.000000 5419.255859 0.000000 0.988813 0.000000 0.149164 1.000000 1.000000 1.000000
9528.496094 0.000000 5405.010742 0.000000 0.515355 0.000000 0.856977 1.000000 1.000000 1.000000
9507.272461 0.000000 5383.126953 0.000000 0.934517 0.000000 0.355918 1.000000 1.000000 1.000000
9524.422852 0.000000 5414.932129 0.000000 0.262036 0.000000 0.965058 1.000000 1.000000 1.000000
9531.083008 0.000000 5418.699707 0.000000 0.376191 0.000000 0.926542 1.000000 1.000000 1.000000
9531.535156 0.000000 5407.470215 0.000000 0.846289 0.000000 0.532724 1.000000 1.000000 1.000000
9504.250977 0.000000 5378.293457 0.000000 0.974196 0.000000 0.225705 1.000000 1.000000 1.000000
9528.874023 0.000000 5406.216309 0.000000 0.771455 0.000000 0.636283 1.000000 1.000000 1.000000
9489.048828 0.000000 5370.996582 0.000000 0.999363 0.000000 0.035686 1.000000 1.000000 1.000000
"}
object={
	name="tree_cypress_01_generator_1_1"
	render_pass=Map
	clamp_to_water_level=no
	generated_content=yes
	layer="tree_high_layer"
	pdxmesh="tree_cypress_01_b_mesh"
	count=262
	transform="9230.677734 0.000000 5347.191406 0.000000 0.789029 0.000000 -0.614356 1.000000 1.000000 1.000000
9186.005859 0.000000 5343.294922 0.000000 0.847837 0.000000 -0.530257 1.000000 1.000000 1.000000
9219.956055 0.000000 5353.902832 0.000000 0.607287 0.000000 -0.794482 1.000000 1.000000 1.000000
9191.542969 0.000000 5341.461914 0.000000 0.944171 0.000000 -0.329456 1.000000 1.000000 1.000000
9200.512695 0.000000 5342.443359 0.000000 0.963235 0.000000 -0.268661 1.000000 1.000000 1.000000
9224.495117 0.000000 5364.488281 0.000000 0.950311 0.000000 -0.311302 1.000000 1.000000 1.000000
9235.111328 0.000000 5348.719727 0.000000 0.999012 0.000000 -0.044453 1.000000 1.000000 1.000000
9203.825195 0.000000 5348.196777 0.000000 0.983923 0.000000 -0.178596 1.000000 1.000000 1.000000
9209.469727 0.000000 5342.245605 0.000000 0.779763 0.000000 -0.626075 1.000000 1.000000 1.000000
9237.217773 0.000000 5340.729980 0.000000 0.848922 0.000000 -0.528518 1.000000 1.000000 1.000000
9222.621094 0.000000 5342.745117 0.000000 0.750630 0.000000 -0.660723 1.000000 1.000000 1.000000
9221.000000 0.000000 5363.568359 0.000000 0.999390 0.000000 -0.034925 1.000000 1.000000 1.000000
9198.260742 0.000000 5353.049316 0.000000 0.940136 0.000000 -0.340799 1.000000 1.000000 1.000000
9206.349609 0.000000 5357.274414 0.000000 0.977186 0.000000 -0.212384 1.000000 1.000000 1.000000
9221.212891 0.000000 5347.583496 0.000000 0.961464 0.000000 -0.274932 1.000000 1.000000 1.000000
9233.348633 0.000000 5364.586426 0.000000 0.597534 0.000000 -0.801844 1.000000 1.000000 1.000000
9214.941406 0.000000 5363.344727 0.000000 0.990463 0.000000 -0.137779 1.000000 1.000000 1.000000
9210.764648 0.000000 5333.865723 0.000000 0.830852 0.000000 -0.556494 1.000000 1.000000 1.000000
9208.563477 0.000000 5345.068359 0.000000 0.708684 0.000000 -0.705526 1.000000 1.000000 1.000000
9226.906250 0.000000 5366.313477 0.000000 0.875506 0.000000 -0.483208 1.000000 1.000000 1.000000
9208.527344 0.000000 5350.713867 0.000000 0.870238 0.000000 -0.492632 1.000000 1.000000 1.000000
9197.025391 0.000000 5349.854980 0.000000 0.950996 0.000000 -0.309204 1.000000 1.000000 1.000000
9201.220703 0.000000 5349.252930 0.000000 0.999806 0.000000 -0.019673 1.000000 1.000000 1.000000
9237.827148 0.000000 5348.195801 0.000000 0.869367 0.000000 -0.494166 1.000000 1.000000 1.000000
9208.246094 0.000000 5354.297363 0.000000 0.807641 0.000000 -0.589674 1.000000 1.000000 1.000000
9208.580078 0.000000 5339.797852 0.000000 0.885983 0.000000 -0.463717 1.000000 1.000000 1.000000
9214.093750 0.000000 5360.375000 0.000000 0.710237 0.000000 -0.703963 1.000000 1.000000 1.000000
9201.918945 0.000000 5340.202148 0.000000 0.966213 0.000000 -0.257744 1.000000 1.000000 1.000000
9231.501953 0.000000 5353.370605 0.000000 0.992648 0.000000 -0.121041 1.000000 1.000000 1.000000
9217.613281 0.000000 5336.701660 0.000000 0.901918 0.000000 -0.431908 1.000000 1.000000 1.000000
9197.794922 0.000000 5342.869629 0.000000 0.981193 0.000000 -0.193029 1.000000 1.000000 1.000000
9237.279297 0.000000 5361.452148 0.000000 0.981099 0.000000 -0.193505 1.000000 1.000000 1.000000
9217.067383 0.000000 5363.005371 0.000000 0.992385 0.000000 -0.123175 1.000000 1.000000 1.000000
9200.872070 0.000000 5346.948242 0.000000 0.860498 0.000000 -0.509453 1.000000 1.000000 1.000000
9228.960938 0.000000 5366.793945 0.000000 0.895540 0.000000 -0.444982 1.000000 1.000000 1.000000
9225.088867 0.000000 5367.426758 0.000000 0.999757 0.000000 -0.022031 1.000000 1.000000 1.000000
9210.813477 0.000000 5354.649414 0.000000 0.609164 0.000000 -0.793044 1.000000 1.000000 1.000000
9218.955078 0.000000 5363.726074 0.000000 0.679887 0.000000 -0.733317 1.000000 1.000000 1.000000
9212.464844 0.000000 5337.957031 0.000000 0.989065 0.000000 -0.147481 1.000000 1.000000 1.000000
9199.971680 0.000000 5340.528809 0.000000 0.997489 0.000000 -0.070822 1.000000 1.000000 1.000000
9203.862305 0.000000 5344.050781 0.000000 0.824461 0.000000 -0.565918 1.000000 1.000000 1.000000
9216.198242 0.000000 5352.061523 0.000000 0.761716 0.000000 -0.647911 1.000000 1.000000 1.000000
9232.887695 0.000000 5338.591309 0.000000 0.739931 0.000000 -0.672682 1.000000 1.000000 1.000000
9207.640625 0.000000 5355.995117 0.000000 0.745578 0.000000 -0.666418 1.000000 1.000000 1.000000
9207.857422 0.000000 5343.476562 0.000000 0.938230 0.000000 -0.346014 1.000000 1.000000 1.000000
9205.319336 0.000000 5342.740723 0.000000 0.657660 0.000000 -0.753315 1.000000 1.000000 1.000000
9212.122070 0.000000 5359.967773 0.000000 0.840035 0.000000 -0.542532 1.000000 1.000000 1.000000
9214.868164 0.000000 5336.724121 0.000000 0.949326 0.000000 -0.314292 1.000000 1.000000 1.000000
9220.115234 0.000000 5364.880371 0.000000 0.850574 0.000000 -0.525855 1.000000 1.000000 1.000000
9228.056641 0.000000 5351.285156 0.000000 0.767218 0.000000 -0.641386 1.000000 1.000000 1.000000
9221.708008 0.000000 5355.400391 0.000000 0.985868 0.000000 -0.167524 1.000000 1.000000 1.000000
9215.588867 0.000000 5359.920898 0.000000 0.858119 0.000000 -0.513450 1.000000 1.000000 1.000000
9218.940430 0.000000 5366.089355 0.000000 0.922364 0.000000 -0.386323 1.000000 1.000000 1.000000
9211.933594 0.000000 5353.656250 0.000000 0.917432 0.000000 -0.397893 1.000000 1.000000 1.000000
9233.825195 0.000000 5339.717285 0.000000 0.999190 0.000000 -0.040250 1.000000 1.000000 1.000000
9230.138672 0.000000 5350.351074 0.000000 0.677415 0.000000 -0.735601 1.000000 1.000000 1.000000
9200.863281 0.000000 5350.591309 0.000000 0.976484 0.000000 -0.215591 1.000000 1.000000 1.000000
9205.127930 0.000000 5353.611816 0.000000 0.979973 0.000000 -0.199133 1.000000 1.000000 1.000000
9226.578125 0.000000 5351.788574 0.000000 0.950581 0.000000 -0.310475 1.000000 1.000000 1.000000
9229.804688 0.000000 5348.162598 0.000000 0.705333 0.000000 -0.708876 1.000000 1.000000 1.000000
9213.263672 0.000000 5359.399902 0.000000 0.988477 0.000000 -0.151373 1.000000 1.000000 1.000000
9200.513672 0.000000 5345.778809 0.000000 0.934194 0.000000 -0.356766 1.000000 1.000000 1.000000
9213.916992 0.000000 5352.389648 0.000000 0.732675 0.000000 -0.680579 1.000000 1.000000 1.000000
9200.330078 0.000000 5351.675293 0.000000 0.621677 0.000000 -0.783274 1.000000 1.000000 1.000000
9196.164062 0.000000 5345.195801 0.000000 0.999510 0.000000 -0.031289 1.000000 1.000000 1.000000
9221.117188 0.000000 5354.327148 0.000000 0.963607 0.000000 -0.267323 1.000000 1.000000 1.000000
9201.061523 0.000000 5341.071777 0.000000 0.996693 0.000000 -0.081256 1.000000 1.000000 1.000000
9211.946289 0.000000 5349.811523 0.000000 0.999238 0.000000 -0.039030 1.000000 1.000000 1.000000
9191.690430 0.000000 5344.289062 0.000000 0.969246 0.000000 -0.246095 1.000000 1.000000 1.000000
9213.356445 0.000000 5353.304199 0.000000 0.967271 0.000000 -0.253747 1.000000 1.000000 1.000000
9234.618164 0.000000 5339.126953 0.000000 0.751384 0.000000 -0.659865 1.000000 1.000000 1.000000
9238.990234 0.000000 5339.609863 0.000000 0.906965 0.000000 -0.421205 1.000000 1.000000 1.000000
9208.610352 0.000000 5349.715820 0.000000 0.820774 0.000000 -0.571253 1.000000 1.000000 1.000000
9242.217773 0.000000 5351.518066 0.000000 0.805740 0.000000 -0.592269 1.000000 1.000000 1.000000
9353.537109 0.000000 5320.127441 0.000000 0.685377 0.000000 -0.728188 1.000000 1.000000 1.000000
9346.736328 0.000000 5315.888184 0.000000 0.996279 0.000000 -0.086188 1.000000 1.000000 1.000000
9239.700195 0.000000 5355.618164 0.000000 0.996520 0.000000 -0.083356 1.000000 1.000000 1.000000
9240.004883 0.000000 5349.008301 0.000000 0.748218 0.000000 -0.663453 1.000000 1.000000 1.000000
9322.518555 0.000000 5327.422852 0.000000 0.885813 0.000000 -0.464043 1.000000 1.000000 1.000000
9357.833008 0.000000 5326.029297 0.000000 0.934188 0.000000 -0.356780 1.000000 1.000000 1.000000
9354.545898 0.000000 5328.470703 0.000000 0.703955 0.000000 -0.710244 1.000000 1.000000 1.000000
9356.099609 0.000000 5322.839355 0.000000 0.992269 0.000000 -0.124107 1.000000 1.000000 1.000000
9338.052734 0.000000 5324.312012 0.000000 0.781385 0.000000 -0.624050 1.000000 1.000000 1.000000
9349.059570 0.000000 5315.278809 0.000000 0.890116 0.000000 -0.455734 1.000000 1.000000 1.000000
9241.399414 0.000000 5347.056641 0.000000 0.766233 0.000000 -0.642563 1.000000 1.000000 1.000000
9355.593750 0.000000 5318.933594 0.000000 0.955048 0.000000 -0.296452 1.000000 1.000000 1.000000
9339.281250 0.000000 5322.547363 0.000000 0.989418 0.000000 -0.145091 1.000000 1.000000 1.000000
9348.034180 0.000000 5317.610352 0.000000 0.964576 0.000000 -0.263805 1.000000 1.000000 1.000000
9336.671875 0.000000 5325.595215 0.000000 0.833749 0.000000 -0.552143 1.000000 1.000000 1.000000
9344.819336 0.000000 5327.228516 0.000000 0.855536 0.000000 -0.517743 1.000000 1.000000 1.000000
9345.453125 0.000000 5324.419922 0.000000 0.976005 0.000000 -0.217749 1.000000 1.000000 1.000000
9356.415039 0.000000 5325.318848 0.000000 0.982723 0.000000 -0.185080 1.000000 1.000000 1.000000
9346.932617 0.000000 5320.239746 0.000000 0.978268 0.000000 -0.207344 1.000000 1.000000 1.000000
9326.349609 0.000000 5325.707520 0.000000 0.968248 0.000000 -0.249994 1.000000 1.000000 1.000000
9342.014648 0.000000 5320.507812 0.000000 0.957325 0.000000 -0.289012 1.000000 1.000000 1.000000
9346.069336 0.000000 5327.409180 0.000000 0.830524 0.000000 -0.556983 1.000000 1.000000 1.000000
9355.755859 0.000000 5326.315918 0.000000 0.999839 0.000000 -0.017919 1.000000 1.000000 1.000000
9343.869141 0.000000 5324.189453 0.000000 0.689267 0.000000 -0.724508 1.000000 1.000000 1.000000
9353.813477 0.000000 5316.945312 0.000000 0.890133 0.000000 -0.455700 1.000000 1.000000 1.000000
9238.180664 0.000000 5367.674805 0.000000 0.980857 0.000000 -0.194728 1.000000 1.000000 1.000000
9218.732422 0.000000 5368.979004 0.000000 0.977469 0.000000 -0.211080 1.000000 1.000000 1.000000
9216.098633 0.000000 5367.666504 0.000000 0.808845 0.000000 -0.588022 1.000000 1.000000 1.000000
9228.771484 0.000000 5369.878418 0.000000 0.923769 0.000000 -0.382950 1.000000 1.000000 1.000000
9221.956055 0.000000 5369.517578 0.000000 0.594079 0.000000 -0.804407 1.000000 1.000000 1.000000
9227.457031 0.000000 5371.292480 0.000000 0.930764 0.000000 -0.365620 1.000000 1.000000 1.000000
9230.443359 0.000000 5373.462891 0.000000 0.902932 0.000000 -0.429784 1.000000 1.000000 1.000000
9224.900391 0.000000 5368.042969 0.000000 0.890954 0.000000 -0.454094 1.000000 1.000000 1.000000
9220.273438 0.000000 5369.178711 0.000000 0.986402 0.000000 -0.164349 1.000000 1.000000 1.000000
9226.000977 0.000000 5370.869141 0.000000 0.939622 0.000000 -0.342215 1.000000 1.000000 1.000000
9224.815430 0.000000 5370.466309 0.000000 0.886765 0.000000 -0.462221 1.000000 1.000000 1.000000
9221.813477 0.000000 5368.315430 0.000000 0.862956 0.000000 -0.505278 1.000000 1.000000 1.000000
9222.921875 0.000000 5369.002441 0.000000 0.893521 0.000000 -0.449022 1.000000 1.000000 1.000000
9363.906250 0.000000 5322.624512 0.000000 0.741432 0.000000 -0.671028 1.000000 1.000000 1.000000
9368.091797 0.000000 5331.474609 0.000000 0.723129 0.000000 -0.690713 1.000000 1.000000 1.000000
9425.990234 0.000000 5343.294922 0.000000 0.708273 0.000000 -0.705939 1.000000 1.000000 1.000000
9383.257812 0.000000 5330.101562 0.000000 0.995516 0.000000 -0.094590 1.000000 1.000000 1.000000
9377.903320 0.000000 5311.803223 0.000000 0.831902 0.000000 -0.554922 1.000000 1.000000 1.000000
9373.765625 0.000000 5333.859863 0.000000 0.868474 0.000000 -0.495735 1.000000 1.000000 1.000000
9373.053711 0.000000 5315.048828 0.000000 0.616279 0.000000 -0.787528 1.000000 1.000000 1.000000
9449.770508 0.000000 5348.242676 0.000000 0.875488 0.000000 -0.483240 1.000000 1.000000 1.000000
9396.004883 0.000000 5311.960938 0.000000 0.887715 0.000000 -0.460394 1.000000 1.000000 1.000000
9467.065430 0.000000 5360.284668 0.000000 0.998169 0.000000 -0.060481 1.000000 1.000000 1.000000
9435.866211 0.000000 5344.023926 0.000000 0.786813 0.000000 -0.617191 1.000000 1.000000 1.000000
9388.399414 0.000000 5307.424805 0.000000 0.988706 0.000000 -0.149870 1.000000 1.000000 1.000000
9390.177734 0.000000 5315.979492 0.000000 0.996836 0.000000 -0.079489 1.000000 1.000000 1.000000
9386.421875 0.000000 5311.775879 0.000000 0.859798 0.000000 -0.510634 1.000000 1.000000 1.000000
9374.288086 0.000000 5319.059570 0.000000 0.808662 0.000000 -0.588274 1.000000 1.000000 1.000000
9428.718750 0.000000 5332.186035 0.000000 0.592332 0.000000 -0.805694 1.000000 1.000000 1.000000
9390.113281 0.000000 5326.471191 0.000000 0.928928 0.000000 -0.370261 1.000000 1.000000 1.000000
9379.573242 0.000000 5308.538574 0.000000 0.999548 0.000000 -0.030064 1.000000 1.000000 1.000000
9424.124023 0.000000 5339.713379 0.000000 0.913587 0.000000 -0.406644 1.000000 1.000000 1.000000
9383.397461 0.000000 5326.464355 0.000000 0.846658 0.000000 -0.532137 1.000000 1.000000 1.000000
9383.786133 0.000000 5322.828613 0.000000 0.733134 0.000000 -0.680084 1.000000 1.000000 1.000000
9456.511719 0.000000 5353.969238 0.000000 0.943914 0.000000 -0.330192 1.000000 1.000000 1.000000
9380.362305 0.000000 5328.384766 0.000000 0.858460 0.000000 -0.512881 1.000000 1.000000 1.000000
9381.245117 0.000000 5316.463867 0.000000 0.859404 0.000000 -0.511298 1.000000 1.000000 1.000000
9386.069336 0.000000 5332.157715 0.000000 0.977305 0.000000 -0.211836 1.000000 1.000000 1.000000
9453.193359 0.000000 5354.356445 0.000000 0.989780 0.000000 -0.142605 1.000000 1.000000 1.000000
9382.881836 0.000000 5337.103027 0.000000 0.995891 0.000000 -0.090559 1.000000 1.000000 1.000000
9461.162109 0.000000 5350.655762 0.000000 0.673437 0.000000 -0.739244 1.000000 1.000000 1.000000
9389.285156 0.000000 5322.898438 0.000000 0.966161 0.000000 -0.257941 1.000000 1.000000 1.000000
9394.202148 0.000000 5319.990723 0.000000 0.982086 0.000000 -0.188434 1.000000 1.000000 1.000000
9438.573242 0.000000 5336.102051 0.000000 0.873698 0.000000 -0.486468 1.000000 1.000000 1.000000
9448.511719 0.000000 5350.713867 0.000000 0.999940 0.000000 -0.010919 1.000000 1.000000 1.000000
9437.009766 0.000000 5349.854980 0.000000 0.825766 0.000000 -0.564013 1.000000 1.000000 1.000000
9369.607422 0.000000 5328.852539 0.000000 0.998019 0.000000 -0.062920 1.000000 1.000000 1.000000
9374.652344 0.000000 5321.854004 0.000000 0.850328 0.000000 -0.526253 1.000000 1.000000 1.000000
9388.533203 0.000000 5333.018066 0.000000 0.905339 0.000000 -0.424690 1.000000 1.000000 1.000000
9363.509766 0.000000 5314.989746 0.000000 0.711232 0.000000 -0.702958 1.000000 1.000000 1.000000
9430.416992 0.000000 5330.333008 0.000000 0.999626 0.000000 -0.027356 1.000000 1.000000 1.000000
9441.903320 0.000000 5340.202148 0.000000 0.969483 0.000000 -0.245160 1.000000 1.000000 1.000000
9369.483398 0.000000 5321.296875 0.000000 0.998389 0.000000 -0.056740 1.000000 1.000000 1.000000
9372.456055 0.000000 5317.379395 0.000000 0.820221 0.000000 -0.572046 1.000000 1.000000 1.000000
9394.529297 0.000000 5322.862793 0.000000 0.705331 0.000000 -0.708878 1.000000 1.000000 1.000000
9446.218750 0.000000 5349.694824 0.000000 0.744633 0.000000 -0.667474 1.000000 1.000000 1.000000
9367.277344 0.000000 5316.518066 0.000000 0.857069 0.000000 -0.515202 1.000000 1.000000 1.000000
9383.802734 0.000000 5317.782715 0.000000 0.927333 0.000000 -0.374236 1.000000 1.000000 1.000000
9387.593750 0.000000 5305.326172 0.000000 0.998783 0.000000 -0.049321 1.000000 1.000000 1.000000
9378.308594 0.000000 5323.421875 0.000000 0.883713 0.000000 -0.468029 1.000000 1.000000 1.000000
9367.216797 0.000000 5324.297363 0.000000 0.728117 0.000000 -0.685453 1.000000 1.000000 1.000000
9427.542969 0.000000 5344.845703 0.000000 0.715008 0.000000 -0.699116 1.000000 1.000000 1.000000
9390.158203 0.000000 5320.954590 0.000000 0.817548 0.000000 -0.575861 1.000000 1.000000 1.000000
9382.670898 0.000000 5324.556152 0.000000 0.702983 0.000000 -0.711207 1.000000 1.000000 1.000000
9388.602539 0.000000 5327.959961 0.000000 0.903336 0.000000 -0.428935 1.000000 1.000000 1.000000
9380.700195 0.000000 5330.408691 0.000000 0.997740 0.000000 -0.067189 1.000000 1.000000 1.000000
9429.837891 0.000000 5340.305664 0.000000 0.747793 0.000000 -0.663932 1.000000 1.000000 1.000000
9361.298828 0.000000 5319.163086 0.000000 0.845905 0.000000 -0.533333 1.000000 1.000000 1.000000
9378.812500 0.000000 5329.770508 0.000000 0.971242 0.000000 -0.238094 1.000000 1.000000 1.000000
9374.114258 0.000000 5309.540527 0.000000 0.757209 0.000000 -0.653172 1.000000 1.000000 1.000000
9387.819336 0.000000 5337.095215 0.000000 0.929044 0.000000 -0.369969 1.000000 1.000000 1.000000
9373.070312 0.000000 5320.729004 0.000000 0.890917 0.000000 -0.454166 1.000000 1.000000 1.000000
9449.838867 0.000000 5346.390625 0.000000 0.593819 0.000000 -0.804599 1.000000 1.000000 1.000000
9462.262695 0.000000 5349.062500 0.000000 0.888092 0.000000 -0.459665 1.000000 1.000000 1.000000
9454.103516 0.000000 5358.545898 0.000000 0.762434 0.000000 -0.647066 1.000000 1.000000 1.000000
9384.061523 0.000000 5335.739746 0.000000 0.991701 0.000000 -0.128562 1.000000 1.000000 1.000000
9397.682617 0.000000 5311.432617 0.000000 0.994499 0.000000 -0.104746 1.000000 1.000000 1.000000
9401.889648 0.000000 5312.710449 0.000000 0.894795 0.000000 -0.446478 1.000000 1.000000 1.000000
9436.327148 0.000000 5339.801270 0.000000 0.818097 0.000000 -0.575081 1.000000 1.000000 1.000000
9460.036133 0.000000 5349.373047 0.000000 0.750436 0.000000 -0.660943 1.000000 1.000000 1.000000
9386.232422 0.000000 5314.749023 0.000000 0.836532 0.000000 -0.547919 1.000000 1.000000 1.000000
9435.102539 0.000000 5333.559082 0.000000 0.780356 0.000000 -0.625335 1.000000 1.000000 1.000000
9376.048828 0.000000 5311.461426 0.000000 0.998312 0.000000 -0.058087 1.000000 1.000000 1.000000
9359.977539 0.000000 5323.387695 0.000000 0.963498 0.000000 -0.267714 1.000000 1.000000 1.000000
9374.675781 0.000000 5315.307129 0.000000 0.754825 0.000000 -0.655926 1.000000 1.000000 1.000000
9459.472656 0.000000 5350.889160 0.000000 0.735680 0.000000 -0.677329 1.000000 1.000000 1.000000
9386.949219 0.000000 5308.180176 0.000000 0.918671 0.000000 -0.395024 1.000000 1.000000 1.000000
9473.954102 0.000000 5363.040527 0.000000 0.982379 0.000000 -0.186900 1.000000 1.000000 1.000000
9370.411133 0.000000 5322.574707 0.000000 0.907222 0.000000 -0.420653 1.000000 1.000000 1.000000
9369.486328 0.000000 5325.417480 0.000000 0.799598 0.000000 -0.600536 1.000000 1.000000 1.000000
9377.730469 0.000000 5314.130371 0.000000 0.999942 0.000000 -0.010739 1.000000 1.000000 1.000000
9371.014648 0.000000 5328.148926 0.000000 0.701143 0.000000 -0.713021 1.000000 1.000000 1.000000
9437.314453 0.000000 5344.710938 0.000000 0.880859 0.000000 -0.473379 1.000000 1.000000 1.000000
9390.943359 0.000000 5335.386230 0.000000 0.959273 0.000000 -0.282481 1.000000 1.000000 1.000000
9390.406250 0.000000 5330.290039 0.000000 0.857806 0.000000 -0.513973 1.000000 1.000000 1.000000
9383.940430 0.000000 5319.289062 0.000000 0.835425 0.000000 -0.549605 1.000000 1.000000 1.000000
9387.043945 0.000000 5310.411133 0.000000 0.952275 0.000000 -0.305241 1.000000 1.000000 1.000000
9437.890625 0.000000 5337.412109 0.000000 0.930404 0.000000 -0.366535 1.000000 1.000000 1.000000
9373.391602 0.000000 5330.143066 0.000000 0.989626 0.000000 -0.143670 1.000000 1.000000 1.000000
9436.087891 0.000000 5336.728516 0.000000 0.937657 0.000000 -0.347563 1.000000 1.000000 1.000000
9383.924805 0.000000 5320.661133 0.000000 0.814512 0.000000 -0.580147 1.000000 1.000000 1.000000
9382.162109 0.000000 5333.423828 0.000000 0.999999 0.000000 -0.001013 1.000000 1.000000 1.000000
9360.964844 0.000000 5317.818359 0.000000 0.992882 0.000000 -0.119103 1.000000 1.000000 1.000000
9379.044922 0.000000 5310.954102 0.000000 0.821206 0.000000 -0.570632 1.000000 1.000000 1.000000
9377.142578 0.000000 5310.728516 0.000000 0.994934 0.000000 -0.100533 1.000000 1.000000 1.000000
9395.936523 0.000000 5322.861328 0.000000 0.624261 0.000000 -0.781216 1.000000 1.000000 1.000000
9381.217773 0.000000 5312.237793 0.000000 0.999815 0.000000 -0.019223 1.000000 1.000000 1.000000
9475.387695 0.000000 5367.015137 0.000000 0.673139 0.000000 -0.739516 1.000000 1.000000 1.000000
9391.087891 0.000000 5325.617188 0.000000 0.799740 0.000000 -0.600347 1.000000 1.000000 1.000000
9384.229492 0.000000 5316.577148 0.000000 0.740134 0.000000 -0.672459 1.000000 1.000000 1.000000
9391.583008 0.000000 5329.745117 0.000000 0.610243 0.000000 -0.792214 1.000000 1.000000 1.000000
9372.484375 0.000000 5316.127441 0.000000 0.922117 0.000000 -0.386912 1.000000 1.000000 1.000000
9429.633789 0.000000 5335.128906 0.000000 0.826243 0.000000 -0.563315 1.000000 1.000000 1.000000
9378.234375 0.000000 5312.998047 0.000000 0.978601 0.000000 -0.205769 1.000000 1.000000 1.000000
9405.323242 0.000000 5315.897461 0.000000 0.963502 0.000000 -0.267702 1.000000 1.000000 1.000000
9390.001953 0.000000 5325.177246 0.000000 0.662658 0.000000 -0.748922 1.000000 1.000000 1.000000
9383.788086 0.000000 5323.988281 0.000000 0.820651 0.000000 -0.571429 1.000000 1.000000 1.000000
9370.406250 0.000000 5320.625977 0.000000 0.983090 0.000000 -0.183123 1.000000 1.000000 1.000000
9373.402344 0.000000 5328.700195 0.000000 0.997099 0.000000 -0.076120 1.000000 1.000000 1.000000
9437.189453 0.000000 5336.568359 0.000000 0.990029 0.000000 -0.140864 1.000000 1.000000 1.000000
9376.901367 0.000000 5312.075195 0.000000 0.789469 0.000000 -0.613791 1.000000 1.000000 1.000000
9382.091797 0.000000 5320.562012 0.000000 0.985904 0.000000 -0.167315 1.000000 1.000000 1.000000
9491.590820 0.000000 5366.385742 0.000000 0.783040 0.000000 -0.621972 1.000000 1.000000 1.000000
9486.276367 0.000000 5365.247559 0.000000 0.759087 0.000000 -0.650989 1.000000 1.000000 1.000000
9487.183594 0.000000 5366.177734 0.000000 0.841508 0.000000 -0.540244 1.000000 1.000000 1.000000
9530.303711 0.000000 5411.428711 0.000000 0.982211 0.000000 -0.187781 1.000000 1.000000 1.000000
9489.192383 0.000000 5372.043945 0.000000 0.956165 0.000000 -0.292827 1.000000 1.000000 1.000000
9492.662109 0.000000 5368.145996 0.000000 0.955480 0.000000 -0.295057 1.000000 1.000000 1.000000
9525.941406 0.000000 5409.629395 0.000000 0.998247 0.000000 -0.059188 1.000000 1.000000 1.000000
9522.547852 0.000000 5416.877930 0.000000 0.940940 0.000000 -0.338573 1.000000 1.000000 1.000000
9528.569336 0.000000 5407.331055 0.000000 0.978543 0.000000 -0.206044 1.000000 1.000000 1.000000
9527.945312 0.000000 5422.665039 0.000000 0.909007 0.000000 -0.416780 1.000000 1.000000 1.000000
9510.473633 0.000000 5383.501953 0.000000 0.921419 0.000000 -0.388571 1.000000 1.000000 1.000000
9532.190430 0.000000 5422.763672 0.000000 0.770979 0.000000 -0.636860 1.000000 1.000000 1.000000
9506.534180 0.000000 5378.742676 0.000000 0.718576 0.000000 -0.695449 1.000000 1.000000 1.000000
9523.992188 0.000000 5411.904297 0.000000 0.803411 0.000000 -0.595424 1.000000 1.000000 1.000000
9534.421875 0.000000 5419.301758 0.000000 0.971098 0.000000 -0.238679 1.000000 1.000000 1.000000
9511.002930 0.000000 5394.923828 0.000000 0.903677 0.000000 -0.428214 1.000000 1.000000 1.000000
9527.223633 0.000000 5416.666504 0.000000 0.658411 0.000000 -0.752658 1.000000 1.000000 1.000000
9510.828125 0.000000 5386.020508 0.000000 0.990691 0.000000 -0.136133 1.000000 1.000000 1.000000
9513.991211 0.000000 5394.037109 0.000000 0.999998 0.000000 -0.002147 1.000000 1.000000 1.000000
9509.462891 0.000000 5381.591797 0.000000 0.716610 0.000000 -0.697474 1.000000 1.000000 1.000000
9488.500977 0.000000 5370.076172 0.000000 0.596668 0.000000 -0.802488 1.000000 1.000000 1.000000
9527.620117 0.000000 5414.411621 0.000000 0.846409 0.000000 -0.532533 1.000000 1.000000 1.000000
9531.358398 0.000000 5416.169434 0.000000 0.853141 0.000000 -0.521681 1.000000 1.000000 1.000000
9492.720703 0.000000 5372.567871 0.000000 0.998311 0.000000 -0.058101 1.000000 1.000000 1.000000
9528.419922 0.000000 5420.946289 0.000000 0.746311 0.000000 -0.665597 1.000000 1.000000 1.000000
9490.830078 0.000000 5372.435547 0.000000 0.938036 0.000000 -0.346537 1.000000 1.000000 1.000000
9510.841797 0.000000 5391.628418 0.000000 0.983067 0.000000 -0.183247 1.000000 1.000000 1.000000
9494.915039 0.000000 5375.159180 0.000000 0.882559 0.000000 -0.470203 1.000000 1.000000 1.000000
9490.073242 0.000000 5370.664551 0.000000 0.977749 0.000000 -0.209779 1.000000 1.000000 1.000000
9524.509766 0.000000 5410.357910 0.000000 0.696266 0.000000 -0.717784 1.000000 1.000000 1.000000
9528.827148 0.000000 5416.693359 0.000000 0.845547 0.000000 -0.533901 1.000000 1.000000 1.000000
9505.053711 0.000000 5379.164062 0.000000 0.838508 0.000000 -0.544889 1.000000 1.000000 1.000000
9509.408203 0.000000 5385.459961 0.000000 0.712149 0.000000 -0.702029 1.000000 1.000000 1.000000
9522.849609 0.000000 5410.907715 0.000000 0.824732 0.000000 -0.565524 1.000000 1.000000 1.000000
9529.453125 0.000000 5408.522949 0.000000 0.939132 0.000000 -0.343557 1.000000 1.000000 1.000000
9510.475586 0.000000 5390.244629 0.000000 0.650869 0.000000 -0.759190 1.000000 1.000000 1.000000
9528.750977 0.000000 5418.113770 0.000000 0.749337 0.000000 -0.662189 1.000000 1.000000 1.000000
9525.763672 0.000000 5411.014648 0.000000 0.648971 0.000000 -0.760813 1.000000 1.000000 1.000000
9513.547852 0.000000 5392.800781 0.000000 0.728892 0.000000 -0.684629 1.000000 1.000000 1.000000
9512.600586 0.000000 5393.691895 0.000000 0.772833 0.000000 -0.634609 1.000000 1.000000 1.000000
9511.508789 0.000000 5389.644043 0.000000 0.915856 0.000000 -0.401506 1.000000 1.000000 1.000000
"}
object={
	name="tree_cypress_01_generator_1_2"
	render_pass=Map
	clamp_to_water_level=no
	generated_content=yes
	layer="tree_high_layer"
	pdxmesh="tree_cypress_01_c_mesh"
	count=190
	transform="9224.292969 0.000000 5348.300781 0.000000 0.421952 0.000000 -0.906618 1.000000 1.000000 1.000000
9221.603516 0.000000 5359.871094 0.000000 0.545552 0.000000 -0.838077 1.000000 1.000000 1.000000
9238.624023 0.000000 5359.626465 0.000000 0.292795 0.000000 -0.956175 1.000000 1.000000 1.000000
9217.662109 0.000000 5365.268555 0.000000 0.225373 0.000000 -0.974273 1.000000 1.000000 1.000000
9210.455078 0.000000 5337.909180 0.000000 0.567541 0.000000 -0.823345 1.000000 1.000000 1.000000
9209.823242 0.000000 5356.443359 0.000000 0.351197 0.000000 -0.936301 1.000000 1.000000 1.000000
9237.504883 0.000000 5336.641602 0.000000 0.409943 0.000000 -0.912111 1.000000 1.000000 1.000000
9230.780273 0.000000 5355.718262 0.000000 0.016828 0.000000 -0.999858 1.000000 1.000000 1.000000
9218.792969 0.000000 5357.415527 0.000000 0.144281 0.000000 -0.989537 1.000000 1.000000 1.000000
9208.328125 0.000000 5359.813965 0.000000 0.365382 0.000000 -0.930858 1.000000 1.000000 1.000000
9227.349609 0.000000 5346.728027 0.000000 0.317041 0.000000 -0.948412 1.000000 1.000000 1.000000
9202.266602 0.000000 5345.298828 0.000000 0.311078 0.000000 -0.950384 1.000000 1.000000 1.000000
9234.656250 0.000000 5338.062988 0.000000 0.539803 0.000000 -0.841792 1.000000 1.000000 1.000000
9213.263672 0.000000 5336.051758 0.000000 0.452813 0.000000 -0.891605 1.000000 1.000000 1.000000
9203.638672 0.000000 5342.041992 0.000000 0.395952 0.000000 -0.918271 1.000000 1.000000 1.000000
9192.823242 0.000000 5344.475586 0.000000 0.290677 0.000000 -0.956821 1.000000 1.000000 1.000000
9219.288086 0.000000 5361.547852 0.000000 0.311735 0.000000 -0.950169 1.000000 1.000000 1.000000
9215.930664 0.000000 5332.340332 0.000000 0.583389 0.000000 -0.812193 1.000000 1.000000 1.000000
9206.592773 0.000000 5337.282227 0.000000 0.214423 0.000000 -0.976741 1.000000 1.000000 1.000000
9205.654297 0.000000 5354.855957 0.000000 0.447467 0.000000 -0.894300 1.000000 1.000000 1.000000
9231.891602 0.000000 5366.675293 0.000000 0.474973 0.000000 -0.880000 1.000000 1.000000 1.000000
9197.018555 0.000000 5346.218750 0.000000 0.327668 0.000000 -0.944793 1.000000 1.000000 1.000000
9210.904297 0.000000 5350.371094 0.000000 0.278741 0.000000 -0.960366 1.000000 1.000000 1.000000
9210.509766 0.000000 5359.624023 0.000000 0.199261 0.000000 -0.979946 1.000000 1.000000 1.000000
9187.558594 0.000000 5344.845703 0.000000 0.199337 0.000000 -0.979931 1.000000 1.000000 1.000000
9193.196289 0.000000 5346.538574 0.000000 0.352907 0.000000 -0.935659 1.000000 1.000000 1.000000
9238.333984 0.000000 5354.072266 0.000000 0.547279 0.000000 -0.836950 1.000000 1.000000 1.000000
9212.666016 0.000000 5352.344238 0.000000 0.363934 0.000000 -0.931425 1.000000 1.000000 1.000000
9218.129883 0.000000 5367.307129 0.000000 0.003062 0.000000 -0.999995 1.000000 1.000000 1.000000
9239.209961 0.000000 5340.599609 0.000000 0.510435 0.000000 -0.859917 1.000000 1.000000 1.000000
9191.127930 0.000000 5345.330078 0.000000 0.218830 0.000000 -0.975763 1.000000 1.000000 1.000000
9194.590820 0.000000 5345.355469 0.000000 0.180377 0.000000 -0.983598 1.000000 1.000000 1.000000
9212.829102 0.000000 5347.057129 0.000000 0.477197 0.000000 -0.878796 1.000000 1.000000 1.000000
9215.208008 0.000000 5361.662598 0.000000 0.325807 0.000000 -0.945436 1.000000 1.000000 1.000000
9200.644531 0.000000 5344.533691 0.000000 0.503433 0.000000 -0.864034 1.000000 1.000000 1.000000
9202.493164 0.000000 5350.479492 0.000000 0.113511 0.000000 -0.993537 1.000000 1.000000 1.000000
9213.346680 0.000000 5361.888672 0.000000 0.218392 0.000000 -0.975861 1.000000 1.000000 1.000000
9235.767578 0.000000 5341.708008 0.000000 0.275355 0.000000 -0.961343 1.000000 1.000000 1.000000
9239.275391 0.000000 5347.305176 0.000000 0.361496 0.000000 -0.932374 1.000000 1.000000 1.000000
9208.277344 0.000000 5346.677246 0.000000 0.170460 0.000000 -0.985365 1.000000 1.000000 1.000000
9220.637695 0.000000 5343.644531 0.000000 0.000781 0.000000 -1.000000 1.000000 1.000000 1.000000
9207.287109 0.000000 5338.825684 0.000000 0.122189 0.000000 -0.992507 1.000000 1.000000 1.000000
9197.330078 0.000000 5344.710938 0.000000 0.051412 0.000000 -0.998677 1.000000 1.000000 1.000000
9199.239258 0.000000 5343.433105 0.000000 0.439973 0.000000 -0.898011 1.000000 1.000000 1.000000
9202.985352 0.000000 5352.061523 0.000000 0.090558 0.000000 -0.995891 1.000000 1.000000 1.000000
9201.757812 0.000000 5353.340332 0.000000 0.061104 0.000000 -0.998131 1.000000 1.000000 1.000000
9204.198242 0.000000 5354.880371 0.000000 0.143644 0.000000 -0.989629 1.000000 1.000000 1.000000
9209.611328 0.000000 5349.644043 0.000000 0.134389 0.000000 -0.990929 1.000000 1.000000 1.000000
9206.971680 0.000000 5340.592285 0.000000 0.245318 0.000000 -0.969443 1.000000 1.000000 1.000000
9215.665039 0.000000 5350.603516 0.000000 0.090074 0.000000 -0.995935 1.000000 1.000000 1.000000
9221.727539 0.000000 5366.679199 0.000000 0.373931 0.000000 -0.927456 1.000000 1.000000 1.000000
9211.662109 0.000000 5351.485840 0.000000 0.121378 0.000000 -0.992606 1.000000 1.000000 1.000000
9213.333008 0.000000 5357.384277 0.000000 0.362987 0.000000 -0.931794 1.000000 1.000000 1.000000
9233.094727 0.000000 5367.148926 0.000000 0.491225 0.000000 -0.871032 1.000000 1.000000 1.000000
9206.976562 0.000000 5355.070312 0.000000 0.295928 0.000000 -0.955210 1.000000 1.000000 1.000000
9340.972656 0.000000 5323.920898 0.000000 0.026948 0.000000 -0.999637 1.000000 1.000000 1.000000
9359.149414 0.000000 5317.114746 0.000000 0.170818 0.000000 -0.985303 1.000000 1.000000 1.000000
9355.406250 0.000000 5316.683105 0.000000 0.172699 0.000000 -0.984975 1.000000 1.000000 1.000000
9357.392578 0.000000 5320.193359 0.000000 0.409409 0.000000 -0.912351 1.000000 1.000000 1.000000
9341.623047 0.000000 5326.735352 0.000000 0.460500 0.000000 -0.887660 1.000000 1.000000 1.000000
9239.568359 0.000000 5358.296875 0.000000 0.063570 0.000000 -0.997977 1.000000 1.000000 1.000000
9343.933594 0.000000 5325.484375 0.000000 0.031379 0.000000 -0.999508 1.000000 1.000000 1.000000
9338.133789 0.000000 5320.520020 0.000000 0.533892 0.000000 -0.845553 1.000000 1.000000 1.000000
9342.324219 0.000000 5322.004883 0.000000 0.106680 0.000000 -0.994293 1.000000 1.000000 1.000000
9336.582031 0.000000 5327.565430 0.000000 0.463565 0.000000 -0.886063 1.000000 1.000000 1.000000
9353.626953 0.000000 5315.832031 0.000000 0.414973 0.000000 -0.909834 1.000000 1.000000 1.000000
9352.362305 0.000000 5321.516113 0.000000 0.319288 0.000000 -0.947658 1.000000 1.000000 1.000000
9340.298828 0.000000 5327.734375 0.000000 0.415457 0.000000 -0.909613 1.000000 1.000000 1.000000
9324.978516 0.000000 5324.888184 0.000000 0.347967 0.000000 -0.937507 1.000000 1.000000 1.000000
9241.875977 0.000000 5355.498047 0.000000 0.380393 0.000000 -0.924825 1.000000 1.000000 1.000000
9354.031250 0.000000 5321.667480 0.000000 0.439959 0.000000 -0.898018 1.000000 1.000000 1.000000
9328.455078 0.000000 5327.914062 0.000000 0.038921 0.000000 -0.999242 1.000000 1.000000 1.000000
9343.127930 0.000000 5327.129395 0.000000 0.270265 0.000000 -0.962786 1.000000 1.000000 1.000000
9354.295898 0.000000 5326.977539 0.000000 0.580720 0.000000 -0.814104 1.000000 1.000000 1.000000
9341.828125 0.000000 5325.262695 0.000000 0.432596 0.000000 -0.901588 1.000000 1.000000 1.000000
9349.613281 0.000000 5321.406250 0.000000 0.304111 0.000000 -0.952637 1.000000 1.000000 1.000000
9327.677734 0.000000 5324.573730 0.000000 0.341473 0.000000 -0.939892 1.000000 1.000000 1.000000
9349.167969 0.000000 5316.694336 0.000000 0.537031 0.000000 -0.843563 1.000000 1.000000 1.000000
9350.357422 0.000000 5319.094238 0.000000 0.329671 0.000000 -0.944096 1.000000 1.000000 1.000000
9352.345703 0.000000 5316.174805 0.000000 0.507646 0.000000 -0.861566 1.000000 1.000000 1.000000
9342.845703 0.000000 5325.957520 0.000000 0.511935 0.000000 -0.859024 1.000000 1.000000 1.000000
9337.532227 0.000000 5321.675781 0.000000 0.163292 0.000000 -0.986578 1.000000 1.000000 1.000000
9240.701172 0.000000 5354.983398 0.000000 0.101978 0.000000 -0.994787 1.000000 1.000000 1.000000
9349.038086 0.000000 5320.531738 0.000000 0.216003 0.000000 -0.976393 1.000000 1.000000 1.000000
9338.630859 0.000000 5323.444336 0.000000 0.587447 0.000000 -0.809263 1.000000 1.000000 1.000000
9230.188477 0.000000 5375.445312 0.000000 0.407437 0.000000 -0.913233 1.000000 1.000000 1.000000
9225.691406 0.000000 5369.477539 0.000000 0.034426 0.000000 -0.999407 1.000000 1.000000 1.000000
9220.730469 0.000000 5367.777344 0.000000 0.575378 0.000000 -0.817887 1.000000 1.000000 1.000000
9233.886719 0.000000 5369.722168 0.000000 0.252373 0.000000 -0.967630 1.000000 1.000000 1.000000
9230.242188 0.000000 5370.522461 0.000000 0.325492 0.000000 -0.945545 1.000000 1.000000 1.000000
9229.196289 0.000000 5368.450195 0.000000 0.472023 0.000000 -0.881586 1.000000 1.000000 1.000000
9426.025391 0.000000 5336.424316 0.000000 0.084527 0.000000 -0.996421 1.000000 1.000000 1.000000
9378.086914 0.000000 5317.858887 0.000000 0.022567 0.000000 -0.999745 1.000000 1.000000 1.000000
9392.150391 0.000000 5322.449707 0.000000 0.016326 0.000000 -0.999867 1.000000 1.000000 1.000000
9388.791016 0.000000 5330.144531 0.000000 0.391674 0.000000 -0.920104 1.000000 1.000000 1.000000
9399.904297 0.000000 5315.903809 0.000000 0.079169 0.000000 -0.996861 1.000000 1.000000 1.000000
9368.259766 0.000000 5319.069336 0.000000 0.139859 0.000000 -0.990171 1.000000 1.000000 1.000000
9396.728516 0.000000 5321.795410 0.000000 0.080682 0.000000 -0.996740 1.000000 1.000000 1.000000
9382.457031 0.000000 5319.596680 0.000000 0.004797 0.000000 -0.999988 1.000000 1.000000 1.000000
9382.079102 0.000000 5313.237793 0.000000 0.556859 0.000000 -0.830607 1.000000 1.000000 1.000000
9449.454102 0.000000 5342.245605 0.000000 0.453436 0.000000 -0.891289 1.000000 1.000000 1.000000
9391.007812 0.000000 5333.833496 0.000000 0.468559 0.000000 -0.883432 1.000000 1.000000 1.000000
9475.212891 0.000000 5362.083984 0.000000 0.017894 0.000000 -0.999840 1.000000 1.000000 1.000000
9383.374023 0.000000 5334.048828 0.000000 0.505874 0.000000 -0.862608 1.000000 1.000000 1.000000
9379.474609 0.000000 5332.045410 0.000000 0.576627 0.000000 -0.817007 1.000000 1.000000 1.000000
9446.776367 0.000000 5347.292969 0.000000 0.035194 0.000000 -0.999381 1.000000 1.000000 1.000000
9365.181641 0.000000 5325.342773 0.000000 0.429334 0.000000 -0.903146 1.000000 1.000000 1.000000
9378.315430 0.000000 5326.286621 0.000000 0.188872 0.000000 -0.982002 1.000000 1.000000 1.000000
9387.866211 0.000000 5314.259277 0.000000 0.062030 0.000000 -0.998074 1.000000 1.000000 1.000000
9452.571289 0.000000 5348.850586 0.000000 0.364903 0.000000 -0.931046 1.000000 1.000000 1.000000
9448.547852 0.000000 5345.068359 0.000000 0.015536 0.000000 -0.999879 1.000000 1.000000 1.000000
9436.927734 0.000000 5333.463867 0.000000 0.058761 0.000000 -0.998272 1.000000 1.000000 1.000000
9431.469727 0.000000 5332.602539 0.000000 0.018237 0.000000 -0.999834 1.000000 1.000000 1.000000
9369.349609 0.000000 5323.824707 0.000000 0.050542 0.000000 -0.998722 1.000000 1.000000 1.000000
9380.137695 0.000000 5319.189453 0.000000 0.075604 0.000000 -0.997138 1.000000 1.000000 1.000000
9373.921875 0.000000 5323.864746 0.000000 0.063591 0.000000 -0.997976 1.000000 1.000000 1.000000
9427.968750 0.000000 5337.373535 0.000000 0.000859 0.000000 -1.000000 1.000000 1.000000 1.000000
9430.032227 0.000000 5333.988770 0.000000 0.271805 0.000000 -0.962352 1.000000 1.000000 1.000000
9376.535156 0.000000 5313.109863 0.000000 0.440320 0.000000 -0.897841 1.000000 1.000000 1.000000
9434.575195 0.000000 5345.355469 0.000000 0.464041 0.000000 -0.885814 1.000000 1.000000 1.000000
9379.074219 0.000000 5333.828613 0.000000 0.059399 0.000000 -0.998234 1.000000 1.000000 1.000000
9442.053711 0.000000 5343.402344 0.000000 0.150942 0.000000 -0.988543 1.000000 1.000000 1.000000
9469.024414 0.000000 5363.350586 0.000000 0.315487 0.000000 -0.948930 1.000000 1.000000 1.000000
9392.519531 0.000000 5320.691406 0.000000 0.443768 0.000000 -0.896142 1.000000 1.000000 1.000000
9452.777344 0.000000 5350.581543 0.000000 0.131116 0.000000 -0.991367 1.000000 1.000000 1.000000
9397.920898 0.000000 5320.549805 0.000000 0.408592 0.000000 -0.912717 1.000000 1.000000 1.000000
9446.940430 0.000000 5345.554199 0.000000 0.516842 0.000000 -0.856081 1.000000 1.000000 1.000000
9394.277344 0.000000 5326.249023 0.000000 0.547248 0.000000 -0.836970 1.000000 1.000000 1.000000
9379.787109 0.000000 5326.857422 0.000000 0.508888 0.000000 -0.860833 1.000000 1.000000 1.000000
9371.349609 0.000000 5321.266113 0.000000 0.539115 0.000000 -0.842232 1.000000 1.000000 1.000000
9453.791016 0.000000 5356.176758 0.000000 0.383567 0.000000 -0.923513 1.000000 1.000000 1.000000
9366.627930 0.000000 5325.854492 0.000000 0.581811 0.000000 -0.813324 1.000000 1.000000 1.000000
9462.376953 0.000000 5351.557617 0.000000 0.532416 0.000000 -0.846483 1.000000 1.000000 1.000000
9442.092773 0.000000 5338.733887 0.000000 0.315142 0.000000 -0.949044 1.000000 1.000000 1.000000
9376.107422 0.000000 5330.217285 0.000000 0.129161 0.000000 -0.991624 1.000000 1.000000 1.000000
9373.664062 0.000000 5316.464844 0.000000 0.587140 0.000000 -0.809486 1.000000 1.000000 1.000000
9393.492188 0.000000 5321.808594 0.000000 0.047125 0.000000 -0.998889 1.000000 1.000000 1.000000
9368.494141 0.000000 5322.543945 0.000000 0.446285 0.000000 -0.894891 1.000000 1.000000 1.000000
9381.117188 0.000000 5308.082520 0.000000 0.119173 0.000000 -0.992873 1.000000 1.000000 1.000000
9394.649414 0.000000 5324.385742 0.000000 0.373226 0.000000 -0.927740 1.000000 1.000000 1.000000
9393.132812 0.000000 5323.558105 0.000000 0.513826 0.000000 -0.857894 1.000000 1.000000 1.000000
9383.163086 0.000000 5314.204590 0.000000 0.497662 0.000000 -0.867371 1.000000 1.000000 1.000000
9383.466797 0.000000 5312.776855 0.000000 0.066865 0.000000 -0.997762 1.000000 1.000000 1.000000
9387.113281 0.000000 5306.674316 0.000000 0.458171 0.000000 -0.888864 1.000000 1.000000 1.000000
9451.053711 0.000000 5348.796387 0.000000 0.570968 0.000000 -0.820972 1.000000 1.000000 1.000000
9377.852539 0.000000 5315.466797 0.000000 0.034837 0.000000 -0.999393 1.000000 1.000000 1.000000
9476.851562 0.000000 5367.105469 0.000000 0.545146 0.000000 -0.838341 1.000000 1.000000 1.000000
9462.354492 0.000000 5350.277344 0.000000 0.072548 0.000000 -0.997365 1.000000 1.000000 1.000000
9382.084961 0.000000 5315.475586 0.000000 0.001365 0.000000 -0.999999 1.000000 1.000000 1.000000
9387.896484 0.000000 5311.231934 0.000000 0.223372 0.000000 -0.974733 1.000000 1.000000 1.000000
9382.803711 0.000000 5318.464844 0.000000 0.379481 0.000000 -0.925199 1.000000 1.000000 1.000000
9426.634766 0.000000 5340.085449 0.000000 0.048853 0.000000 -0.998806 1.000000 1.000000 1.000000
9436.148438 0.000000 5345.195801 0.000000 0.074137 0.000000 -0.997248 1.000000 1.000000 1.000000
9391.020508 0.000000 5327.251465 0.000000 0.290794 0.000000 -0.956786 1.000000 1.000000 1.000000
9461.039062 0.000000 5348.749023 0.000000 0.359012 0.000000 -0.933333 1.000000 1.000000 1.000000
9380.086914 0.000000 5325.722168 0.000000 0.266979 0.000000 -0.963702 1.000000 1.000000 1.000000
9391.135742 0.000000 5320.323242 0.000000 0.214840 0.000000 -0.976649 1.000000 1.000000 1.000000
9380.848633 0.000000 5322.764648 0.000000 0.472739 0.000000 -0.881203 1.000000 1.000000 1.000000
9436.236328 0.000000 5347.180664 0.000000 0.562774 0.000000 -0.826611 1.000000 1.000000 1.000000
9390.975586 0.000000 5332.686523 0.000000 0.268388 0.000000 -0.963311 1.000000 1.000000 1.000000
9382.390625 0.000000 5312.130859 0.000000 0.334771 0.000000 -0.942300 1.000000 1.000000 1.000000
9384.310547 0.000000 5334.662109 0.000000 0.186290 0.000000 -0.982495 1.000000 1.000000 1.000000
9360.283203 0.000000 5316.016602 0.000000 0.282193 0.000000 -0.959358 1.000000 1.000000 1.000000
9372.165039 0.000000 5328.120117 0.000000 0.008255 0.000000 -0.999966 1.000000 1.000000 1.000000
9435.701172 0.000000 5335.687500 0.000000 0.176218 0.000000 -0.984351 1.000000 1.000000 1.000000
9434.161133 0.000000 5334.332520 0.000000 0.058890 0.000000 -0.998264 1.000000 1.000000 1.000000
9379.094727 0.000000 5309.480957 0.000000 0.472126 0.000000 -0.881531 1.000000 1.000000 1.000000
9535.038086 0.000000 5422.036621 0.000000 0.538439 0.000000 -0.842664 1.000000 1.000000 1.000000
9527.935547 0.000000 5419.240723 0.000000 0.574103 0.000000 -0.818783 1.000000 1.000000 1.000000
9494.313477 0.000000 5373.518555 0.000000 0.302950 0.000000 -0.953006 1.000000 1.000000 1.000000
9513.544922 0.000000 5396.212891 0.000000 0.401166 0.000000 -0.916005 1.000000 1.000000 1.000000
9504.874023 0.000000 5374.765137 0.000000 0.499508 0.000000 -0.866309 1.000000 1.000000 1.000000
9531.689453 0.000000 5419.834473 0.000000 0.208432 0.000000 -0.978037 1.000000 1.000000 1.000000
9497.751953 0.000000 5372.724121 0.000000 0.368333 0.000000 -0.929694 1.000000 1.000000 1.000000
9496.857422 0.000000 5375.980469 0.000000 0.119639 0.000000 -0.992817 1.000000 1.000000 1.000000
9494.640625 0.000000 5370.507324 0.000000 0.385870 0.000000 -0.922553 1.000000 1.000000 1.000000
9490.262695 0.000000 5368.905762 0.000000 0.203963 0.000000 -0.978979 1.000000 1.000000 1.000000
9527.282227 0.000000 5405.450684 0.000000 0.339145 0.000000 -0.940734 1.000000 1.000000 1.000000
9526.329102 0.000000 5403.122559 0.000000 0.101636 0.000000 -0.994822 1.000000 1.000000 1.000000
9508.518555 0.000000 5384.209473 0.000000 0.332918 0.000000 -0.942956 1.000000 1.000000 1.000000
9509.087891 0.000000 5387.776855 0.000000 0.567954 0.000000 -0.823060 1.000000 1.000000 1.000000
9529.087891 0.000000 5413.135742 0.000000 0.377944 0.000000 -0.925829 1.000000 1.000000 1.000000
9525.849609 0.000000 5412.524414 0.000000 0.142769 0.000000 -0.989756 1.000000 1.000000 1.000000
9530.431641 0.000000 5406.946777 0.000000 0.243741 0.000000 -0.969840 1.000000 1.000000 1.000000
9512.675781 0.000000 5394.930176 0.000000 0.027548 0.000000 -0.999620 1.000000 1.000000 1.000000
9527.114258 0.000000 5410.662109 0.000000 0.331018 0.000000 -0.943624 1.000000 1.000000 1.000000
9508.455078 0.000000 5382.685059 0.000000 0.207526 0.000000 -0.978230 1.000000 1.000000 1.000000
9526.327148 0.000000 5404.511230 0.000000 0.185277 0.000000 -0.982686 1.000000 1.000000 1.000000
9527.458008 0.000000 5404.011719 0.000000 0.184222 0.000000 -0.982885 1.000000 1.000000 1.000000
9511.807617 0.000000 5388.446289 0.000000 0.118173 0.000000 -0.992993 1.000000 1.000000 1.000000
"}
