object={
	name="tree_leaf_high_generator_3_0"
	render_pass=Map
	clamp_to_water_level=no
	generated_content=yes
	layer="tree_high_layer"
	pdxmesh="tree_leaf_01_c_mesh"
	count=81
	transform="8967.551758 0.000000 5214.342285 0.000000 0.841704 0.000000 -0.539939 0.816404 0.816404 0.816404
8993.237305 0.000000 5213.647949 0.000000 0.262066 0.000000 -0.965050 0.807041 0.807041 0.807041
8966.318359 0.000000 5224.270508 0.000000 0.756483 0.000000 0.654014 0.795729 0.795729 0.795729
8960.413086 0.000000 5216.988281 0.000000 0.972228 0.000000 0.234038 0.777495 0.777495 0.777495
8996.050781 0.000000 5220.264160 0.000000 0.033646 0.000000 -0.999434 0.834077 0.834077 0.834077
8956.539062 0.000000 5212.480957 0.000000 0.662795 0.000000 -0.748801 0.836001 0.836001 0.836001
8964.296875 0.000000 5219.897461 0.000000 0.797411 0.000000 0.603437 0.771277 0.771277 0.771277
8978.852539 0.000000 5210.902344 0.000000 0.793777 0.000000 0.608209 0.762785 0.762785 0.762785
8963.299805 0.000000 5213.861816 0.000000 0.544497 0.000000 -0.838763 0.846502 0.846502 0.846502
8965.666992 0.000000 5210.206543 0.000000 0.373081 0.000000 -0.927799 0.909663 0.909663 0.909663
8969.925781 0.000000 5222.854492 0.000000 0.323764 0.000000 0.946138 0.702585 0.702585 0.702585
8960.069336 0.000000 5212.804199 0.000000 0.349610 0.000000 0.936895 0.736008 0.736008 0.736008
8966.632812 0.000000 5217.472656 0.000000 0.946914 0.000000 -0.321488 0.813728 0.813728 0.813728
8970.223633 0.000000 5212.412109 0.000000 0.069155 0.000000 -0.997606 0.958349 0.958349 0.958349
8971.727539 0.000000 5210.321777 0.000000 0.840627 0.000000 0.541614 0.753017 0.753017 0.753017
9001.078125 0.000000 5216.665527 0.000000 0.561334 0.000000 -0.827589 0.853735 0.853735 0.853735
9003.805664 0.000000 5216.115234 0.000000 0.887355 0.000000 0.461087 0.770712 0.770712 0.770712
9223.527344 0.000000 5319.853027 0.000000 0.978763 0.000000 0.204994 0.778104 0.778104 0.778104
9445.805664 0.000000 5344.314453 0.000000 0.937454 0.000000 -0.348110 0.801917 0.801917 0.801917
9470.242188 0.000000 5365.000488 0.000000 0.481781 0.000000 -0.876292 0.800640 0.800640 0.800640
9451.647461 0.000000 5361.506836 0.000000 0.062671 0.000000 -0.998034 0.834337 0.834337 0.834337
9464.277344 0.000000 5348.300781 0.000000 0.998817 0.000000 0.048623 0.798892 0.798892 0.798892
9461.587891 0.000000 5359.871094 0.000000 0.845152 0.000000 -0.534527 0.822639 0.822639 0.822639
9446.207031 0.000000 5352.563965 0.000000 0.996923 0.000000 0.078390 0.789797 0.789797 0.789797
9438.896484 0.000000 5347.904785 0.000000 0.978482 0.000000 0.206334 0.787548 0.787548 0.787548
9478.608398 0.000000 5359.626465 0.000000 0.475285 0.000000 0.879832 0.787756 0.787756 0.787756
9466.790039 0.000000 5355.067871 0.000000 0.213079 0.000000 0.977035 0.724436 0.724436 0.724436
9459.940430 0.000000 5353.902832 0.000000 0.737883 0.000000 -0.674929 0.821752 0.821752 0.821752
9472.203125 0.000000 5359.323242 0.000000 0.470496 0.000000 0.882402 0.759197 0.759197 0.759197
9459.340820 0.000000 5345.039551 0.000000 0.295777 0.000000 0.955257 0.605878 0.605878 0.605878
9476.209961 0.000000 5365.978027 0.000000 0.979994 0.000000 -0.199028 0.802641 0.802641 0.802641
9440.497070 0.000000 5342.443359 0.000000 0.168369 0.000000 -0.985724 0.833593 0.833593 0.833593
9464.479492 0.000000 5364.488281 0.000000 0.751693 0.000000 -0.659514 0.869473 0.869473 0.869473
9449.807617 0.000000 5356.443359 0.000000 0.242935 0.000000 -0.970043 0.915151 0.915151 0.915151
9455.694336 0.000000 5338.105469 0.000000 0.236698 0.000000 0.971583 0.764888 0.764888 0.764888
9441.475586 0.000000 5351.915039 0.000000 0.526447 0.000000 -0.850208 0.822532 0.822532 0.822532
9445.907227 0.000000 5339.692383 0.000000 0.999342 0.000000 -0.036280 0.801631 0.801631 0.801631
9458.295898 0.000000 5349.320312 0.000000 0.210645 0.000000 -0.977563 0.883843 0.883843 0.883843
9454.926758 0.000000 5346.966309 0.000000 0.664717 0.000000 0.747095 0.706481 0.706481 0.706481
9463.721680 0.000000 5352.390625 0.000000 0.228402 0.000000 -0.973567 0.860233 0.860233 0.860233
9450.594727 0.000000 5352.610352 0.000000 0.744494 0.000000 -0.667630 0.824090 0.824090 0.824090
9457.456055 0.000000 5341.505371 0.000000 0.717617 0.000000 -0.696438 0.825389 0.825389 0.825389
9470.764648 0.000000 5355.718262 0.000000 0.746391 0.000000 0.665508 0.773822 0.773822 0.773822
9466.673828 0.000000 5350.438477 0.000000 0.759613 0.000000 0.650375 0.754604 0.754604 0.754604
9469.923828 0.000000 5361.818848 0.000000 0.942860 0.000000 0.333189 0.784735 0.784735 0.784735
9461.197266 0.000000 5347.583496 0.000000 0.518865 0.000000 -0.854856 0.899519 0.899519 0.899519
9452.733398 0.000000 5340.001465 0.000000 0.175153 0.000000 0.984541 0.659605 0.659605 0.659605
9469.416992 0.000000 5358.480469 0.000000 0.989404 0.000000 -0.145186 0.810825 0.810825 0.810825
9444.112305 0.000000 5350.892578 0.000000 0.700313 0.000000 0.713836 0.736173 0.736173 0.736173
9480.633789 0.000000 5366.801270 0.000000 0.957544 0.000000 0.288286 0.775119 0.775119 0.775119
9463.102539 0.000000 5367.976562 0.000000 0.515760 0.000000 0.856733 0.738968 0.738968 0.738968
9474.190430 0.000000 5378.984375 0.000000 0.638358 0.000000 0.769739 0.779473 0.779473 0.779473
9473.206055 0.000000 5389.632324 0.000000 0.652526 0.000000 -0.757766 0.855128 0.855128 0.855128
9471.803711 0.000000 5370.189941 0.000000 0.962176 0.000000 -0.272427 0.807770 0.807770 0.807770
9468.082031 0.000000 5384.444336 0.000000 0.543194 0.000000 0.839607 0.741483 0.741483 0.741483
9460.260742 0.000000 5373.392578 0.000000 0.112619 0.000000 -0.993638 0.855034 0.855034 0.855034
9477.208008 0.000000 5372.984863 0.000000 0.532150 0.000000 -0.846650 0.925226 0.925226 0.925226
9478.165039 0.000000 5367.674805 0.000000 0.906767 0.000000 -0.421632 0.841204 0.841204 0.841204
9470.172852 0.000000 5375.445312 0.000000 0.726387 0.000000 -0.687286 0.856298 0.856298 0.856298
9467.817383 0.000000 5367.641113 0.000000 0.931580 0.000000 -0.363537 0.815382 0.815382 0.815382
9469.260742 0.000000 5379.832520 0.000000 0.720083 0.000000 0.693887 0.731996 0.731996 0.731996
9478.098633 0.000000 5377.577637 0.000000 0.605467 0.000000 -0.795870 0.866732 0.866732 0.866732
9476.712891 0.000000 5388.511719 0.000000 0.859530 0.000000 0.511085 0.737644 0.737644 0.737644
9474.362305 0.000000 5375.318848 0.000000 0.525702 0.000000 0.850669 0.715887 0.715887 0.715887
9477.262695 0.000000 5381.030273 0.000000 0.997430 0.000000 0.071652 0.797508 0.797508 0.797508
9457.027344 0.000000 5371.838867 0.000000 0.414883 0.000000 -0.909875 0.863006 0.863006 0.863006
9469.250977 0.000000 5372.203613 0.000000 0.068817 0.000000 -0.997629 0.932287 0.932287 0.932287
9462.331055 0.000000 5375.921387 0.000000 0.589816 0.000000 0.807538 0.717210 0.717210 0.717210
9476.050781 0.000000 5370.188477 0.000000 0.831546 0.000000 -0.555456 0.854693 0.854693 0.854693
9474.264648 0.000000 5386.836426 0.000000 0.839485 0.000000 0.543383 0.762138 0.762138 0.762138
9467.010742 0.000000 5375.024902 0.000000 0.728658 0.000000 0.684878 0.754344 0.754344 0.754344
9480.741211 0.000000 5374.379395 0.000000 0.266184 0.000000 -0.963922 0.951270 0.951270 0.951270
9487.407227 0.000000 5386.136230 0.000000 0.808592 0.000000 -0.588369 0.822237 0.822237 0.822237
9479.414062 0.000000 5388.123047 0.000000 0.571802 0.000000 -0.820392 0.880705 0.880705 0.880705
9480.397461 0.000000 5381.407715 0.000000 0.909797 0.000000 -0.415054 0.833595 0.833595 0.833595
9483.967773 0.000000 5367.640625 0.000000 0.993066 0.000000 0.117554 0.797670 0.797670 0.797670
9484.161133 0.000000 5389.395996 0.000000 0.766255 0.000000 0.642537 0.764043 0.764043 0.764043
9482.926758 0.000000 5385.157227 0.000000 0.490736 0.000000 0.871309 0.667527 0.667527 0.667527
9483.023438 0.000000 5371.334961 0.000000 0.977458 0.000000 -0.211129 0.806883 0.806883 0.806883
9479.482422 0.000000 5378.419434 0.000000 0.629976 0.000000 -0.776614 0.871932 0.871932 0.871932
9481.895508 0.000000 5387.436035 0.000000 0.706690 0.000000 -0.707523 0.865932 0.865932 0.865932
"}
